0.000000000000000000e+00 0.000000000000000000e+00
8.060346201202288688e-03 4.473151626438512038e-03
1.612069240240457738e-02 8.931835259571018273e-03
2.418103860360686433e-02 1.336176934076548778e-02
3.224138480480915475e-02 1.774904010066361698e-02
4.030173100601144864e-02 2.208027299677745720e-02
4.836207720721372866e-02 2.634278984543085567e-02
5.642242340841602255e-02 3.052474790058846976e-02
6.448276960961830950e-02 3.461525792610799929e-02
7.254311581082059646e-02 3.860447918282951946e-02
8.060346201202289729e-02 4.248369016908767892e-02
8.866380821322515648e-02 4.624533486016893513e-02
9.672415441442745732e-02 4.988304503124599276e-02
1.047845006156297581e-01 5.339163999411405959e-02
1.128448468168320451e-01 5.676710568339008584e-02
1.209051930180343182e-01 6.000655549952239182e-02
1.289655392192366190e-01 6.310817562690260174e-02
1.370258854204389198e-01 6.607115771659424763e-02
1.450862316216411929e-01 6.889562185316433496e-02
1.531465778228434660e-01 7.158253264689298789e-02
1.612069240240457946e-01 7.413361110728963754e-02
1.692672702252480676e-01 7.655124471090553329e-02
1.773276164264503130e-01 7.883839778850428026e-02
1.853879626276526416e-01 8.099852401681394143e-02
1.934483088288549146e-01 8.303548248436917745e-02
2.015086550300572155e-01 8.495345847325810884e-02
2.095690012312595163e-01 8.675688979831085168e-02
2.176293474324617616e-01 8.845039926219788740e-02
2.256896936336640902e-01 9.003873355611022311e-02
2.337500398348663633e-01 9.152670871256898821e-02
2.418103860360686364e-01 9.291916205460264144e-02
2.498707322372709372e-01 9.422091044782597569e-02
2.579310784384732380e-01 9.543671456062749470e-02
2.659914246396755666e-01 9.657124875119445229e-02
2.740517708408778397e-01 9.762907615472515843e-02
2.821121170420801127e-01 9.861462852504948584e-02
2.901724632432823858e-01 9.953219035474938914e-02
2.982328094444846589e-01 1.003858868112608715e-01
3.062931556456869320e-01 1.011796750395735633e-01
3.143535018468892606e-01 1.019173383990894660e-01
3.224138480480915891e-01 1.026024832277362547e-01
3.304741942492938067e-01 1.032385377685002270e-01
3.385345404504961353e-01 1.038287529062179582e-01
3.465948866516984084e-01 1.043762044128496991e-01
3.546552328529006259e-01 1.048837964241703113e-01
3.627155790541030100e-01 1.053542659059075182e-01
3.707759252553052831e-01 1.057901878891611136e-01
3.788362714565075562e-01 1.061939812955061541e-01
3.868966176577098293e-01 1.065679151875218583e-01
3.949569638589121578e-01 1.069141153068459693e-01
4.030173100601144309e-01 1.072345707899843709e-01
4.110776562613167040e-01 1.075311409552013875e-01
4.191380024625190326e-01 1.078055620880974813e-01
4.271983486637213057e-01 1.080594541553229621e-01
4.352586948649235232e-01 1.082943273981783333e-01
4.433190410661259073e-01 1.085115887608985585e-01
4.513793872673281804e-01 1.087125481215632378e-01
4.594397334685305090e-01 1.088984243010082537e-01
4.675000796697327266e-01 1.090703508358403934e-01
4.755604258709350551e-01 1.092293815049471678e-01
4.836207720721372727e-01 1.093764955946234241e-01
4.916811182733396013e-01 1.095126029102976989e-01
4.997414644745418744e-01 1.096385485288442485e-01
5.078018106757441474e-01 1.097551172968286165e-01
5.158621568769464760e-01 1.098630380841191939e-01
5.239225030781488046e-01 1.099629877926198984e-01
5.319828492793511332e-01 1.100555951349433403e-01
5.400431954805534618e-01 1.101414441868446698e-01
5.481035416817556793e-01 1.102210777332305741e-01
5.561638878829578969e-01 1.102950004072638379e-01
5.642242340841602255e-01 1.103636816348556038e-01
5.722845802853625541e-01 1.104275584084643130e-01
5.803449264865647717e-01 1.104870378831785127e-01
5.884052726877671002e-01 1.105424998163477279e-01
5.964656188889693178e-01 1.105942988608112215e-01
6.045259650901716464e-01 1.106427667181299201e-01
6.125863112913738640e-01 1.106882141670430114e-01
6.206466574925763036e-01 1.107309329739563919e-01
6.287070036937785211e-01 1.107711976939255161e-01
6.367673498949808497e-01 1.108092673756105317e-01
6.448276960961831783e-01 1.108453871746601094e-01
6.528880422973853959e-01 1.108797898884236188e-01
6.609483884985876134e-01 1.109126974186817605e-01
6.690087346997899420e-01 1.109443221672339885e-01
6.770690809009922706e-01 1.109748683787704221e-01
6.851294271021947102e-01 1.110045334328602085e-01
6.931897733033968168e-01 1.110335090995814150e-01
7.012501195045990343e-01 1.110619827541306781e-01
7.093104657058012519e-01 1.110901385718824075e-01
7.173708119070036915e-01 1.111181587032414320e-01
7.254311581082060201e-01 1.111462244306298530e-01
7.334915043094083487e-01 1.111745173297446765e-01
7.415518505106105662e-01 1.112032204231851035e-01
7.496121967118127838e-01 1.112325193491540409e-01
7.576725429130151124e-01 1.112626035449104794e-01
7.657328891142174410e-01 1.112936674482443850e-01
7.737932353154196585e-01 1.113259117346729332e-01
7.818535815166220981e-01 1.113595445901427866e-01
7.899139277178243157e-01 1.113947830257226018e-01
7.979742739190266443e-01 1.114318542474596885e-01
8.060346201202288619e-01 1.114709970855535109e-01
8.140949663214313015e-01 1.115124634901241696e-01
8.221553125226334080e-01 1.115565201067686973e-01
8.302156587238357366e-01 1.116034499335022689e-01
8.382760049250380652e-01 1.116535540720619835e-01
8.463363511262403938e-01 1.117071535837798057e-01
8.543966973274426113e-01 1.117645914612196284e-01
8.624570435286448289e-01 1.118262347130418444e-01
8.705173897298470465e-01 1.118924765880319472e-01
8.785777359310494861e-01 1.119637389428869700e-01
8.866380821322518146e-01 1.120404747566686315e-01
8.946984283334540322e-01 1.121231708171938068e-01
9.027587745346563608e-01 1.122123505770604990e-01
9.108191207358585784e-01 1.123085771955980028e-01
9.188794669370610180e-01 1.124124567825503240e-01
9.269398131382632355e-01 1.125246418443148211e-01
9.350001593394654531e-01 1.126458349484183857e-01
9.430605055406677817e-01 1.127767926197377202e-01
9.511208517418701103e-01 1.129183294704322188e-01
9.591811979430723278e-01 1.130713225760784091e-01
9.672415441442745454e-01 1.132367160982893917e-01
9.753018903454769850e-01 1.134155261704707096e-01
9.833622365466792026e-01 1.136088460383086474e-01
9.914225827478816422e-01 1.138178514538254055e-01
9.994829289490837487e-01 1.140438063286821485e-01
1.007543275150286188e+00 1.142880686273067548e-01
1.015603621351488295e+00 1.145520964907373318e-01
1.023663967552690623e+00 1.148374545706809247e-01
1.031724313753892952e+00 1.151458205451181133e-01
1.039784659955095281e+00 1.154789917776166686e-01
1.047845006156297609e+00 1.158388920767767089e-01
1.055905352357499716e+00 1.162275784902124937e-01
1.063965698558702266e+00 1.166472480677295254e-01
1.072026044759904373e+00 1.171002445010289050e-01
1.080086390961106924e+00 1.175890645322552330e-01
1.088146737162309252e+00 1.181163640121074276e-01
1.096207083363511359e+00 1.186849634469762799e-01
1.104267429564713909e+00 1.192978528761494822e-01
1.112327775765915794e+00 1.199581958654994951e-01
1.120388121967118122e+00 1.206693323994857958e-01
1.128448468168320451e+00 1.214347804060233876e-01
1.136508814369522558e+00 1.222582356221866284e-01
1.144569160570725108e+00 1.231435694779820511e-01
1.152629506771927215e+00 1.240948246387997972e-01
1.160689852973129543e+00 1.251162078207873618e-01
1.168750199174331872e+00 1.262120794523877987e-01
1.176810545375534200e+00 1.273869397534812264e-01
1.184870891576736529e+00 1.286454107604349251e-01
1.192931237777938636e+00 1.299922138332493260e-01
1.200991583979141186e+00 1.314321421882566621e-01
1.209051930180343293e+00 1.329700280034131765e-01
1.217112276381545621e+00 1.346107036978417548e-01
1.225172622582747728e+00 1.363589570493609626e-01
1.233232968783950056e+00 1.382194798938771729e-01
1.241293314985152607e+00 1.401968102799537041e-01
1.249353661186354936e+00 1.422952681020656640e-01
1.257414007387557042e+00 1.445188844267410455e-01
1.265474353588759371e+00 1.468713249505116947e-01
1.273534699789961699e+00 1.493558082899891781e-01
1.281595045991164028e+00 1.519750200887252656e-01
1.289655392192366357e+00 1.547310242475839481e-01
1.297715738393568685e+00 1.576251729099254761e-01
1.305776084594770792e+00 1.606580171563518344e-01
1.313836430795973120e+00 1.638292206867189571e-01
1.321896776997175227e+00 1.671374790268069233e-01
1.329957123198377777e+00 1.705804470234282000e-01
1.338017469399579884e+00 1.741546775219042220e-01
1.346077815600782435e+00 1.778555741444384775e-01
1.354138161801984541e+00 1.816773609923434951e-01
1.362198508003186870e+00 1.856130718468922136e-01
1.370258854204389420e+00 1.896545610685785310e-01
1.378319200405591749e+00 1.937925378344724225e-01
1.386379546606793634e+00 1.980166246862088975e-01
1.394439892807995962e+00 2.023154405620488094e-01
1.402500239009198069e+00 2.066767076061986064e-01
1.410560585210400619e+00 2.110873801351241807e-01
1.418620931411602504e+00 2.155337932264785872e-01
1.426681277612805054e+00 2.200018275690243386e-01
1.434741623814007383e+00 2.244770864825594847e-01
1.442801970015209712e+00 2.289450804653666294e-01
1.450862316216412040e+00 2.333914142781224055e-01
1.458922662417614147e+00 2.378019714649003691e-01
1.466983008618816697e+00 2.421630913160325582e-01
1.475043354820019026e+00 2.464617336342087572e-01
1.483103701021221132e+00 2.506856272256427487e-01
1.491164047222423461e+00 2.548233987467716788e-01
1.499224393423625568e+00 2.588646793869987528e-01
1.507284739624827896e+00 2.628001877662129449e-01
1.515345085826030225e+00 2.666217883518122722e-01
1.523405432027232553e+00 2.703225255725859033e-01
1.531465778228434882e+00 2.738966345987726703e-01
1.539526124429637433e+00 2.773395304460518074e-01
1.547586470630839317e+00 2.806477775931922047e-01
1.555646816832041868e+00 2.838190426972689862e-01
1.563707163033244196e+00 2.868520332293259534e-01
1.571767509234446747e+00 2.897464249474556719e-01
1.579827855435648631e+00 2.925027811056343241e-01
1.587888201636850960e+00 2.951224661531194338e-01
1.595948547838053289e+00 2.976075564700002563e-01
1.604008894039255395e+00 2.999607504088685483e-01
1.612069240240457724e+00 3.021852795970840777e-01
1.620129586441660052e+00 3.042848231320914310e-01
1.628189932642862603e+00 3.062634259695708461e-01
1.636250278844064932e+00 3.081254224931084806e-01
1.644310625045266816e+00 3.098753659609798095e-01
1.652370971246468923e+00 3.115179642701638718e-01
1.660431317447671473e+00 3.130580222509096178e-01
1.668491663648873802e+00 3.145003905124909016e-01
1.676552009850076130e+00 3.158499207145917809e-01
1.684612356051278237e+00 3.171114270115775735e-01
1.692672702252480788e+00 3.182896533311443399e-01
1.700733048453682894e+00 3.193892460851355808e-01
1.708793394654885223e+00 3.204147318683718826e-01
1.716853740856087551e+00 3.213704996872062125e-01
1.724914087057289658e+00 3.222607872482838309e-01
1.732974433258492208e+00 3.230896708503455117e-01
1.741034779459694093e+00 3.238610584393474823e-01
1.749095125660896866e+00 3.245786854080745520e-01
1.757155471862098972e+00 3.252461127562916166e-01
1.765215818063301301e+00 3.258667272515347602e-01
1.773276164264503629e+00 3.264437432705070696e-01
1.781336510465705736e+00 3.269802060308416580e-01
1.789396856666908064e+00 3.274789959545714724e-01
1.797457202868110393e+00 3.279428339364195422e-01
1.805517549069312722e+00 3.283742873215436120e-01
1.813577895270514828e+00 3.287757764216996392e-01
1.821638241471717157e+00 3.291495814211770066e-01
1.829698587672919707e+00 3.294978495531876717e-01
1.837758933874122036e+00 3.298226024420218283e-01
1.845819280075324365e+00 3.301257435266369278e-01
1.853879626276526471e+00 3.304090654943155347e-01
1.861939972477729022e+00 3.306742576738910255e-01
1.870000318678930906e+00 3.309229133415449997e-01
1.878060664880133457e+00 3.311565369083813715e-01
1.886121011081335563e+00 3.313765509681515509e-01
1.894181357282537892e+00 3.315843031874011748e-01
1.902241703483740221e+00 3.317810730317304335e-01
1.910302049684942327e+00 3.319680783246037326e-01
1.918362395886144656e+00 3.321464816389232411e-01
1.926422742087346984e+00 3.323173965301817190e-01
1.934483088288549091e+00 3.324818936185611751e-01
1.942543434489751419e+00 3.326410065317099152e-01
1.950603780690953970e+00 3.327957377246937298e-01
1.958664126892156299e+00 3.329470641890901472e-01
1.966724473093358405e+00 3.330959430733218540e-01
1.974784819294560734e+00 3.332433172302158297e-01
1.982845165495763284e+00 3.333901207099460584e-01
1.990905511696965391e+00 3.335372842216924871e-01
1.998965857898167497e+00 3.336857405836435864e-01
2.007026204099370048e+00 3.338364301785825550e-01
2.015086550300572377e+00 3.339903064377210962e-01
2.023146896501774705e+00 3.341483413764456678e-01
2.031207242702976590e+00 3.343115311949443891e-01
2.039267588904179362e+00 3.344809019656934668e-01
2.047327935105381247e+00 3.346575154277269259e-01
2.055388281306583576e+00 3.348424748997940736e-01
2.063448627507785904e+00 3.350369313297827389e-01
2.071508973708988233e+00 3.352420894931794626e-01
2.079569319910190561e+00 3.354592143487155065e-01
2.087629666111392890e+00 3.356896375583303116e-01
2.095690012312595218e+00 3.359347641765059733e-01
2.103750358513797547e+00 3.361960795039578009e-01
2.111810704714999432e+00 3.364751560997846225e-01
2.119871050916201760e+00 3.367736609419116900e-01
2.127931397117404533e+00 3.370933627074215178e-01
2.135991743318606417e+00 3.374361391491088047e-01
2.144052089519808746e+00 3.378039845262392760e-01
2.152112435721011074e+00 3.381990170360332781e-01
2.160172781922213847e+00 3.386234861816403985e-01
2.168233128123415732e+00 3.390797799937015355e-01
2.176293474324618504e+00 3.395704320115678909e-01
2.184353820525820389e+00 3.400981278981747846e-01
2.192414166727022717e+00 3.406657115541890102e-01
2.200474512928225046e+00 3.412761905662677897e-01
2.208534859129427819e+00 3.419327407945544350e-01
2.216595205330629259e+00 3.426387098836509160e-01
2.224655551531831588e+00 3.433976194437160512e-01
2.232715897733034360e+00 3.442131656225186354e-01
2.240776243934236245e+00 3.450892177494114810e-01
2.248836590135439018e+00 3.460298147039612138e-01
2.256896936336640902e+00 3.470391586322351118e-01
2.264957282537843675e+00 3.481216055939369003e-01
2.273017628739045115e+00 3.492816527101279545e-01
2.281077974940247444e+00 3.505239213553533739e-01
2.289138321141450216e+00 3.518531359263137870e-01
2.297198667342652101e+00 3.532740977262219806e-01
2.305259013543854429e+00 3.547916535146570238e-01
2.313319359745056758e+00 3.564106583091832259e-01
2.321379705946259087e+00 3.581359320853217398e-01
2.329440052147461415e+00 3.599722101008349107e-01
2.337500398348663744e+00 3.619240866798900669e-01
2.345560744549865628e+00 3.639959524519700840e-01
2.353621090751068401e+00 3.661919252066338504e-01
2.361681436952270285e+00 3.685157747465945266e-01
2.369741783153473058e+00 3.709708423817295042e-01
2.377802129354674943e+00 3.735599559775200640e-01
2.385862475555877271e+00 3.762853417882040530e-01
2.393922821757079600e+00 3.791485346301655679e-01
2.401983167958282372e+00 3.821502882795469458e-01
2.410043514159483813e+00 3.852904882933210207e-01
2.418103860360686586e+00 3.885680697410454076e-01
2.426164206561888914e+00 3.919809425631152755e-01
2.434224552763091243e+00 3.955259274285737314e-01
2.442284898964293571e+00 3.991987050151749039e-01
2.450345245165495456e+00 4.029937815674284329e-01
2.458405591366698673e+00 4.069044733869021102e-01
2.466465937567900113e+00 4.109229125451162590e-01
2.474526283769102442e+00 4.150400756086701226e-01
2.482586629970305214e+00 4.192458365147294641e-01
2.490646976171507543e+00 4.235290439648285998e-01
2.498707322372709871e+00 4.278776228417829897e-01
2.506767668573911756e+00 4.322786982408096113e-01
2.514828014775114085e+00 4.367187397919559122e-01
2.522888360976316413e+00 4.411837230955656386e-01
2.530948707177518742e+00 4.456593043361904982e-01
2.539009053378720626e+00 4.501310035421056677e-01
2.547069399579923399e+00 4.545843915661879064e-01
2.555129745781125283e+00 4.590052756870457440e-01
2.563190091982328056e+00 4.633798787924046092e-01
2.571250438183530385e+00 4.676950074062530271e-01
2.579310784384732713e+00 4.719382043297883911e-01
2.587371130585935042e+00 4.760978823539970262e-01
2.595431476787137370e+00 4.801634363157560870e-01
2.603491822988339255e+00 4.841253316668168161e-01
2.611552169189541583e+00 4.879751686453585036e-01
2.619612515390743912e+00 4.917057220282557983e-01
2.627672861591946241e+00 4.953109572646829939e-01
2.635733207793148569e+00 4.987860244940973686e-01
2.643793553994350454e+00 5.021272325322662100e-01
2.651853900195553226e+00 5.053320053299925618e-01
2.659914246396755555e+00 5.083988236831981089e-01
2.667974592597957439e+00 5.113271551063867104e-01
2.676034938799159768e+00 5.141173747778848835e-01
2.684095285000362541e+00 5.167706803575176089e-01
2.692155631201564869e+00 5.192890032747800033e-01
2.700215977402766754e+00 5.216749188262588266e-01
2.708276323603969082e+00 5.239315571184018916e-01
2.716336669805171855e+00 5.260625165558476812e-01
2.724397016006373740e+00 5.280717812551054546e-01
2.732457362207575624e+00 5.299636434499224169e-01
2.740517708408778841e+00 5.317426316419242571e-01
2.748578054609980725e+00 5.334134449959888613e-01
2.756638400811183498e+00 5.349808942467670914e-01
2.764698747012385383e+00 5.364498491791935830e-01
2.772759093213587267e+00 5.378251925857878701e-01
2.780819439414789596e+00 5.391117804781458966e-01
2.788879785615991924e+00 5.403144082351954980e-01
2.796940131817194253e+00 5.414377822942707530e-01
2.805000478018396137e+00 5.424864969537394055e-01
2.813060824219598466e+00 5.434650158321611135e-01
2.821121170420801239e+00 5.443776575148622232e-01
2.829181516622003123e+00 5.452285849303976084e-01
2.837241862823205008e+00 5.460217980148008854e-01
2.845302209024408224e+00 5.467611292383548482e-01
2.853362555225610109e+00 5.474502416055000431e-01
2.861422901426811993e+00 5.480926287685718989e-01
2.869483247628014766e+00 5.486916169208546634e-01
2.877543593829217095e+00 5.492503681786349290e-01
2.885603940030419423e+00 5.497718851888546698e-01
2.893664286231621308e+00 5.502590167292875645e-01
2.901724632432824080e+00 5.507144641029141363e-01
2.909784978634026409e+00 5.511407881510707041e-01
2.917845324835228293e+00 5.515404167376485312e-01
2.925905671036430622e+00 5.519156525775792410e-01
2.933966017237633395e+00 5.522686813106981729e-01
2.942026363438835279e+00 5.526015797307963773e-01
2.950086709640038052e+00 5.529163241000825124e-01
2.958147055841239936e+00 5.532147985022166647e-01
2.966207402042442265e+00 5.534988031836107769e-01
2.974267748243644593e+00 5.537700628568025252e-01
2.982328094444846922e+00 5.540302349478236632e-01
2.990388440646048807e+00 5.542809177669925091e-01
2.998448786847251135e+00 5.545236586036793591e-01
3.006509133048453464e+00 5.547599617441832942e-01
3.014569479249655792e+00 5.549912964136015647e-01
3.022629825450858565e+00 5.552191046543071273e-01
3.030690171652060450e+00 5.554448091493404682e-01
3.038750517853263222e+00 5.556698210076214117e-01
3.046810864054465107e+00 5.558955475225391130e-01
3.054871210255667879e+00 5.561233999241355086e-01
3.062931556456869764e+00 5.563548011393404380e-01
3.070991902658072092e+00 5.565911935756758799e-01
3.079052248859274865e+00 5.568340469478794130e-01
3.087112595060476306e+00 5.570848661546384806e-01
3.095172941261678634e+00 5.573451992239267794e-01
3.103233287462881407e+00 5.576166453312145777e-01
3.111293633664083735e+00 5.579008628938815217e-01
3.119353979865285176e+00 5.581995777471411291e-01
3.127414326066488393e+00 5.585145913894306036e-01
3.135474672267690277e+00 5.588477892869413433e-01
3.143535018468893494e+00 5.592011492177393350e-01
3.151595364670094490e+00 5.595767496220567239e-01
3.159655710871297263e+00 5.599767779171064275e-01
3.167716057072500035e+00 5.604035387254483469e-01
3.175776403273701920e+00 5.608594619446805041e-01
3.183836749474904249e+00 5.613471105720450050e-01
3.191897095676106577e+00 5.618691881834170232e-01
3.199957441877308906e+00 5.624285459379715357e-01
3.208017788078510790e+00 5.630281889615290636e-01
3.216078134279713563e+00 5.636712819343516756e-01
3.224138480480915447e+00 5.643611536815570373e-01
3.232198826682118664e+00 5.651013005341334328e-01
3.240259172883320105e+00 5.658953881994848167e-01
3.248319519084522433e+00 5.667472518437850493e-01
3.256379865285725206e+00 5.676608940574097151e-01
3.264440211486927534e+00 5.686404803423509291e-01
3.272500557688129863e+00 5.696903317287673740e-01
3.280560903889330859e+00 5.708149140987687220e-01
3.288621250090533632e+00 5.720188237723822233e-01
3.296681596291735961e+00 5.733067688983217725e-01
3.304741942492937845e+00 5.746835461846654391e-01
3.312802288694140618e+00 5.761540125077688757e-01
3.320862634895342946e+00 5.777230509716054785e-01
3.328922981096545275e+00 5.793955310274027104e-01
3.336983327297747604e+00 5.811762623345416712e-01
3.345043673498949488e+00 5.830699421409865080e-01
3.353104019700152261e+00 5.850810960882530942e-01
3.361164365901354145e+00 5.872140125131040111e-01
3.369224712102556474e+00 5.894726705060607808e-01
3.377285058303759246e+00 5.918606622322819533e-01
3.385345404504961575e+00 5.943811102813795211e-01
3.393405750706163015e+00 5.970365811082458674e-01
3.401466096907365788e+00 5.998289959487295153e-01
3.409526443108568561e+00 6.027595409234433044e-01
3.417586789309770445e+00 6.058285783653699630e-01
3.425647135510972774e+00 6.090355617140541522e-01
3.433707481712175102e+00 6.123789565819263148e-01
3.441767827913377431e+00 6.158561707901240023e-01
3.449828174114579316e+00 6.194634962893380559e-01
3.457888520315781644e+00 6.231960658723416646e-01
3.465948866516984417e+00 6.270478274561505083e-01
3.474009212718185857e+00 6.310115384326175914e-01
3.482069558919388186e+00 6.350787821601743266e-01
3.490129905120590958e+00 6.392400080962106212e-01
3.498190251321793731e+00 6.434845963544271186e-01
3.506250597522995616e+00 6.478009466517589132e-01
3.514310943724197944e+00 6.521765907233364468e-01
3.522371289925400273e+00 6.565983263585698504e-01
3.530431636126602601e+00 6.610523703164825626e-01
3.538491982327804486e+00 6.655245265704787805e-01
3.546552328529007259e+00 6.700003656390814966e-01
3.554612674730210031e+00 6.744654102572313903e-01
3.562673020931411472e+00 6.789053223523855429e-01
3.570733367132614244e+00 6.833060862224040743e-01
3.578793713333816129e+00 6.876541829939382122e-01
3.586854059535018902e+00 6.919367518394180516e-01
3.594914405736220786e+00 6.961417340263793552e-01
3.602974751937423115e+00 7.002579966349979923e-01
3.611035098138625443e+00 7.042754336346339628e-01
3.619095444339827772e+00 7.081850429232963151e-01
3.627155790541029656e+00 7.119789788519900187e-01
3.635216136742232873e+00 7.156505806108655054e-01
3.643276482943434313e+00 7.191943776293051593e-01
3.651336829144636642e+00 7.226060737875875661e-01
3.659397175345839415e+00 7.258825127384642695e-01
3.667457521547041743e+00 7.290216269946985239e-01
3.675517867748244072e+00 7.320223736435185202e-01
3.683578213949445956e+00 7.348846596093130401e-01
3.691638560150648729e+00 7.376092593372733930e-01
3.699698906351850614e+00 7.401977276116846749e-01
3.707759252553052942e+00 7.426523099874071665e-01
3.715819598754255271e+00 7.449758530375504284e-01
3.723879944955458043e+00 7.471717162897834053e-01
3.731940291156659484e+00 7.492436874075919517e-01
3.740000637357861812e+00 7.511959018346969774e-01
3.748060983559064585e+00 7.530327678199522090e-01
3.756121329760266914e+00 7.547588974624956926e-01
3.764181675961469242e+00 7.563790441424607103e-01
3.772242022162671127e+00 7.578980465141017531e-01
3.780302368363873011e+00 7.593207790473663898e-01
3.788362714565075784e+00 7.606521089437221494e-01
3.796423060766277668e+00 7.618968591643107136e-01
3.804483406967480441e+00 7.630597772124266820e-01
3.812543753168682770e+00 7.641455092505778923e-01
3.820604099369884654e+00 7.651585791119510649e-01
3.828664445571087427e+00 7.661033717426950496e-01
3.836724791772289311e+00 7.669841206005647560e-01
3.844785137973491640e+00 7.678048985728629372e-01
3.852845484174693969e+00 7.685696119670379911e-01
3.860905830375895853e+00 7.692819971649698108e-01
3.868966176577098182e+00 7.699456195771822165e-01
3.877026522778300954e+00 7.705638745312674009e-01
3.885086868979502839e+00 7.711399897912751822e-01
3.893147215180705611e+00 7.716770294335021374e-01
3.901207561381907940e+00 7.721778988155907353e-01
3.909267907583110269e+00 7.726453504349733992e-01
3.917328253784312597e+00 7.730819904833339251e-01
3.925388599985514482e+00 7.734902859336871828e-01
3.933448946186716810e+00 7.738725720239905126e-01
3.941509292387918695e+00 7.742310600194358683e-01
3.949569638589121467e+00 7.745678451662886266e-01
3.957629984790323796e+00 7.748849147460243891e-01
3.965690330991526569e+00 7.751841561778711753e-01
3.973750677192728009e+00 7.754673651164943893e-01
3.981811023393930782e+00 7.757362535050560393e-01
3.989871369595133110e+00 7.759924575676839797e-01
3.997931715796334995e+00 7.762375457114369937e-01
4.005992061997536879e+00 7.764730263295394064e-01
4.014052408198740096e+00 7.767003555143465743e-01
4.022112754399942425e+00 7.769209446666036634e-01
4.030173100601144753e+00 7.771361680114776682e-01
4.038233446802346194e+00 7.773473700390914898e-01
4.046293793003549411e+00 7.775558728718523493e-01
4.054354139204750851e+00 7.777629835781817436e-01
4.062414485405953180e+00 7.779700014490475990e-01
4.070474831607156396e+00 7.781782252571762815e-01
4.078535177808358725e+00 7.783889605128584410e-01
4.086595524009561053e+00 7.786035267349744604e-01
4.094655870210762494e+00 7.788232647616495363e-01
4.102716216411964822e+00 7.790495441071801919e-01
4.110776562613167151e+00 7.792837703896199342e-01
4.118836908814369480e+00 7.795273928396606600e-01
4.126897255015571808e+00 7.797819118923781101e-01
4.134957601216775025e+00 7.800488868841155554e-01
4.143017947417976465e+00 7.803299438462357740e-01
4.151078293619178794e+00 7.806267833914933840e-01
4.159138639820381123e+00 7.809411886925172741e-01
4.167198986021583451e+00 7.812750335299333271e-01
4.175259332222785780e+00 7.816302903839174032e-01
4.183319678423988108e+00 7.820090385378939413e-01
4.191380024625190437e+00 7.824134721440534346e-01
4.199440370826392765e+00 7.828459081935104091e-01
4.207500717027595094e+00 7.833087943108193452e-01
4.215561063228797423e+00 7.838047162846404348e-01
4.223621409429998863e+00 7.843364052198964487e-01
4.231681755631202080e+00 7.849067441717272331e-01
4.239742101832403520e+00 7.855187741144389335e-01
4.247802448033606737e+00 7.861756990544687129e-01
4.255862794234809066e+00 7.868808900696874220e-01
4.263923140436011394e+00 7.876378880371630586e-01
4.271983486637212835e+00 7.884504047755431788e-01
4.280043832838415163e+00 7.893223222905061398e-01
4.288104179039617492e+00 7.902576897774644671e-01
4.296164525240820709e+00 7.912607180174519028e-01
4.304224871442022149e+00 7.923357707552812768e-01
4.312285217643224478e+00 7.934873526257937293e-01
4.320345563844427694e+00 7.947200931848072969e-01
4.328405910045629135e+00 7.960387265805521917e-01
4.336466256246831463e+00 7.974480663937837388e-01
4.344526602448033792e+00 7.989529752023116771e-01
4.352586948649237009e+00 8.005583284513673181e-01
4.360647294850438449e+00 8.022689722558381531e-01
4.368707641051640778e+00 8.040896748614896339e-01
4.376767987252843994e+00 8.060250715693173529e-01
4.384828333454045435e+00 8.080796030964674248e-01
4.392888679655247763e+00 8.102574475056010250e-01
4.400949025856450092e+00 8.125624460521796433e-01
4.409009372057652421e+00 8.149980235448806010e-01
4.417069718258855637e+00 8.175671040844119108e-01
4.425130064460057078e+00 8.202720233726304988e-01
4.433190410661258518e+00 8.231144390888800455e-01
4.441250756862461735e+00 8.260952411573724286e-01
4.449311103063663175e+00 8.292144640754246510e-01
4.457371449264865504e+00 8.324712037332636649e-01
4.465431795466068721e+00 8.358635414144115483e-01
4.473492141667271937e+00 8.393884778310012340e-01
4.481552487868472490e+00 8.430418801189780709e-01
4.489612834069674818e+00 8.468184446674794641e-01
4.497673180270878035e+00 8.507116784706576507e-01
4.505733526472080364e+00 8.547139013744847746e-01
4.513793872673281804e+00 8.588162710837633496e-01
4.521854218874484133e+00 8.630088321885684977e-01
4.529914565075687349e+00 8.672805897025146482e-01
4.537974911276887013e+00 8.716196067566785999e-01
4.546035257478090230e+00 8.760131251899210270e-01
4.554095603679292559e+00 8.804477068543443696e-01
4.562155949880494887e+00 8.849093925856571508e-01
4.570216296081697216e+00 8.893838750131051185e-01
4.578276642282900433e+00 8.938566807597181363e-01
4.586336988484102761e+00 8.983133571594006384e-01
4.594397334685304202e+00 9.027396583927160822e-01
4.602457680886506530e+00 9.071217259869628347e-01
4.610518027087708859e+00 9.114462588762832773e-01
4.618578373288911187e+00 9.157006686941296936e-01
4.626638719490113516e+00 9.198732166458525317e-01
4.634699065691315845e+00 9.239531290907587735e-01
4.642759411892518173e+00 9.279306898605125253e-01
4.650819758093720502e+00 9.317973082580726096e-01
4.658880104294922830e+00 9.355455625802950870e-01
4.666940450496124271e+00 9.391692198377753487e-01
4.675000796697327488e+00 9.426632330746460564e-01
4.683061142898529816e+00 9.460237182895254726e-01
4.691121489099731257e+00 9.492479134020381792e-01
4.699181835300933585e+00 9.523341220146853692e-01
4.707242181502136802e+00 9.552816448664560589e-01
4.715302527703338242e+00 9.580907018938895625e-01
4.723362873904540571e+00 9.607623477250213373e-01
4.731423220105742899e+00 9.632983832401408320e-01
4.739483566306946116e+00 9.657012655808659973e-01
4.747543912508147557e+00 9.679740186908363242e-01
4.755604258709349885e+00 9.701201461447388485e-01
4.763664604910553102e+00 9.721435476946802545e-01
4.771724951111754542e+00 9.740484406408734808e-01
4.779785297312956871e+00 9.758392868341191351e-01
4.787845643514159200e+00 9.775207258444414959e-01
4.795905989715361528e+00 9.790975145925069345e-01
4.803966335916564745e+00 9.805744735371108023e-01
4.812026682117766185e+00 9.819564393434255800e-01
4.820087028318967626e+00 9.832482238244072414e-01
4.828147374520170843e+00 9.844545788480740800e-01
4.836207720721373171e+00 9.855801668270556259e-01
4.844268066922575500e+00 9.866295363607768820e-01
4.852328413123777828e+00 9.876071025746621102e-01
4.860388759324981045e+00 9.885171316857030988e-01
4.868449105526182485e+00 9.893637293346986272e-01
4.876509451727383926e+00 9.901508322316743271e-01
4.884569797928587143e+00 9.908822026875043765e-01
4.892630144129789471e+00 9.915614256334432941e-01
4.900690490330990912e+00 9.921919077545240384e-01
4.908750836532194128e+00 9.927768784016461900e-01
4.916811182733397345e+00 9.933193919777381087e-01
4.924871528934597897e+00 9.938223315247167733e-01
4.932931875135800226e+00 9.942884132706092393e-01
4.940992221337003443e+00 9.947201919274624160e-01
4.949052567538204883e+00 9.951200665544890356e-01
4.957112913739407212e+00 9.954902868292248019e-01
4.965173259940610428e+00 9.958329595935258016e-01
4.973233606141811869e+00 9.961500555582414318e-01
4.981293952343015086e+00 9.964434160727291268e-01
4.989354298544216526e+00 9.967147598797549968e-01
4.997414644745419743e+00 9.969656897926626460e-01
5.005474990946621183e+00 9.971976992417630470e-01
5.013535337147823512e+00 9.974121786491199071e-01
5.021595683349025840e+00 9.976104216021901561e-01
5.029656029550228169e+00 9.977936308003813037e-01
5.037716375751431386e+00 9.979629237599932923e-01
5.045776721952632826e+00 9.981193382653961166e-01
5.053837068153834267e+00 9.982638375597849834e-01
5.061897414355037483e+00 9.983973152753168323e-01
5.069957760556239812e+00 9.985206001007850274e-01
5.078018106757441252e+00 9.986344601911445462e-01
5.086078452958644469e+00 9.987396073258194562e-01
5.094138799159846798e+00 9.988367008205372155e-01
5.102199145361049126e+00 9.989263512015800206e-01
5.110259491562250567e+00 9.990091236524041296e-01
5.118319837763453783e+00 9.990855412415251546e-01
5.126380183964656112e+00 9.991560879408343254e-01
5.134440530165857552e+00 9.992212114465280903e-01
5.142500876367060769e+00 9.992813258113932839e-01
5.150561222568263098e+00 9.993368138989442429e-01
5.158621568769465426e+00 9.993880296697557064e-01
5.166681914970666867e+00 9.994353003099434307e-01
5.174742261171870084e+00 9.994789282107643391e-01
5.182802607373071524e+00 9.995191928080342514e-01
5.190862953574274741e+00 9.995563522924511002e-01
5.198923299775477069e+00 9.995906451956013683e-01
5.206983645976678510e+00 9.996222918635240262e-01
5.215043992177880838e+00 9.996514958222969538e-01
5.223104338379083167e+00 9.996784450441859038e-01
5.231164684580284607e+00 9.997033131220761648e-01
5.239225030781487824e+00 9.997262603563001893e-01
5.247285376982691041e+00 9.997474347618522383e-01
5.255345723183892481e+00 9.997669730003018174e-01
5.263406069385094810e+00 9.997850012439655210e-01
5.271466415586297138e+00 9.998016359729666735e-01
5.279526761787500355e+00 9.998169847148175027e-01
5.287587107988700907e+00 9.998311467278980791e-01
5.295647454189904124e+00 9.998442136322793772e-01
5.303707800391106453e+00 9.998562699951742960e-01
5.311768146592307893e+00 9.998673938702383746e-01
5.319828492793511110e+00 9.998776572965932807e-01
5.327888838994713439e+00 9.998871267605913271e-01
5.335949185195914879e+00 9.998958636218091556e-01
5.344009531397117208e+00 9.999039245064831327e-01
5.352069877598319536e+00 9.999113616716803765e-01
5.360130223799522753e+00 9.999182233414145582e-01
5.368190570000725081e+00 9.999245540165135893e-01
5.376250916201927410e+00 9.999303947611748455e-01
5.384311262403129739e+00 9.999357834682472967e-01
5.392371608604331179e+00 9.999407551032770680e-01
5.400431954805533508e+00 9.999453419299439982e-01
5.408492301006735836e+00 9.999495737185337685e-01
5.416552647207938165e+00 9.999534779383068006e-01
5.424612993409141382e+00 9.999570799351753525e-01
5.432673339610343710e+00 9.999604030951581013e-01
5.440733685811545151e+00 9.999634689960817946e-01
5.448794032012747479e+00 9.999662975472164428e-01
5.456854378213950696e+00 9.999689071178587962e-01
5.464914724415151248e+00 9.999713146562816402e-01
5.472975070616354465e+00 9.999735357999834928e-01
5.481035416817557682e+00 9.999755849766132076e-01
5.489095763018758234e+00 9.999774754974515290e-01
5.497156109219961451e+00 9.999792196439577507e-01
5.505216455421163779e+00 9.999808287470290935e-01
5.513276801622366996e+00 9.999823132610093923e-01
5.521337147823567548e+00 9.999836828309599523e-01
5.529397494024770765e+00 9.999849463558159179e-01
5.537457840225973094e+00 9.999861120453140684e-01
5.545518186427174534e+00 9.999871874739809652e-01
5.553578532628375974e+00 9.999881796302241277e-01
5.561638878829579191e+00 9.999890949611536239e-01
5.569699225030781520e+00 9.999899394150906229e-01
5.577759571231983848e+00 9.999907184796891224e-01
5.585819917433186177e+00 9.999914372180588318e-01
5.593880263634388506e+00 9.999921003008528375e-01
5.601940609835590834e+00 9.999927120378457879e-01
5.610000956036792275e+00 9.999932764046149947e-01
5.618061302237995491e+00 9.999937970689078970e-01
5.626121648439196932e+00 9.999942774149723768e-01
5.634181994640400148e+00 9.999947205645178805e-01
5.642242340841602477e+00 9.999951293979100209e-01
5.650302687042803917e+00 9.999955065724290826e-01
5.658363033244006246e+00 9.999958545394307396e-01
5.666423379445209463e+00 9.999961755605648595e-01
5.674483725646410015e+00 9.999964717226258459e-01
5.682544071847613232e+00 9.999967449503635031e-01
5.690604418048816449e+00 9.999969970197641889e-01
5.698664764250017001e+00 9.999972295693746460e-01
5.706725110451220218e+00 9.999974441105269340e-01
5.714785456652422546e+00 9.999976420378779984e-01
5.722845802853623987e+00 9.999978246379898073e-01
5.730906149054826315e+00 9.999979930976743425e-01
5.738966495256029532e+00 9.999981485120255087e-01
5.747026841457231860e+00 9.999982918911578533e-01
5.755087187658434189e+00 9.999984241671799889e-01
5.763147533859636518e+00 9.999985461997591418e-01
5.771207880060838846e+00 9.999986587820752781e-01
5.779268226262040287e+00 9.999987626461499524e-01
5.787328572463242615e+00 9.999988584669989855e-01
5.795388918664444944e+00 9.999989468675694049e-01
5.803449264865648161e+00 9.999990284223440051e-01
5.811509611066850489e+00 9.999991036616111550e-01
5.819569957268052818e+00 9.999991730743253981e-01
5.827630303469254258e+00 9.999992371115947742e-01
5.835690649670456587e+00 9.999992961898531707e-01
5.843750995871659804e+00 9.999993506932118859e-01
5.851811342072861244e+00 9.999994009758108593e-01
5.859871688274063573e+00 9.999994473643248893e-01
5.867932034475266789e+00 9.999994901607460740e-01
5.875992380676469118e+00 9.999995296429324831e-01
5.884052726877670558e+00 9.999995660674676490e-01
5.892113073078872887e+00 9.999995996713848534e-01
5.900173419280076104e+00 9.999996306730291051e-01
5.908233765481276656e+00 9.999996592738589207e-01
5.916294111682479873e+00 9.999996856598183381e-01
5.924354457883683089e+00 9.999997100024722307e-01
5.932414804084884530e+00 9.999997324599866344e-01
5.940475150286086858e+00 9.999997531785778104e-01
5.948535496487289187e+00 9.999997722925122456e-01
5.956595842688490627e+00 9.999997899261442447e-01
5.964656188889693844e+00 9.999998061944254113e-01
5.972716535090896173e+00 9.999998212028256006e-01
5.980776881292097613e+00 9.999998350489396337e-01
5.988837227493300830e+00 9.999998478228796506e-01
5.996897573694502270e+00 9.999998596075485580e-01
6.004957919895705487e+00 9.999998704795804993e-01
6.013018266096906927e+00 9.999998805097719545e-01
6.021078612298110144e+00 9.999998897630819616e-01
6.029138958499311585e+00 9.999998982998460351e-01
6.037199304700513913e+00 9.999999061756594809e-01
6.045259650901717130e+00 9.999999134414550017e-01
6.053319997102919459e+00 9.999999201445215480e-01
6.061380343304120899e+00 9.999999263286225570e-01
6.069440689505323228e+00 9.999999320337986664e-01
6.077501035706526444e+00 9.999999372970740374e-01
6.085561381907727885e+00 9.999999421528481536e-01
6.093621728108930213e+00 9.999999466326207065e-01
6.101682074310133430e+00 9.999999507653845043e-01
6.109742420511335759e+00 9.999999545781337318e-01
6.117802766712536311e+00 9.999999580955902800e-01
6.125863112913739528e+00 9.999999613406349575e-01
6.133923459114941856e+00 9.999999643345418576e-01
6.141983805316144185e+00 9.999999670965087351e-01
6.150044151517346513e+00 9.999999696445581732e-01
6.158104497718549730e+00 9.999999719953016619e-01
6.166164843919751171e+00 9.999999741639800099e-01
6.174225190120952611e+00 9.999999761646585217e-01
6.182285536322155828e+00 9.999999780105015557e-01
6.190345882523357268e+00 9.999999797134584423e-01
6.198406228724560485e+00 9.999999812844211355e-01
6.206466574925762814e+00 9.999999827338896807e-01
6.214526921126964254e+00 9.999999840709139498e-01
6.222587267328167471e+00 9.999999853043882725e-01
6.230647613529369799e+00 9.999999864424615748e-01
6.238707959730570352e+00 9.999999874923428678e-01
6.246768305931773568e+00 9.999999884608885559e-01
6.254828652132976785e+00 9.999999893545237217e-01
6.262888998334179114e+00 9.999999901790468382e-01
6.270949344535380554e+00 9.999999909395514974e-01
6.279009690736583771e+00 9.999999916411699274e-01
6.287070036937786988e+00 9.999999922884081904e-01
6.295130383138987540e+00 9.999999928856145859e-01
6.303190729340188980e+00 9.999999934365897403e-01
6.311251075541392197e+00 9.999999939448205311e-01
6.319311421742594526e+00 9.999999944137546448e-01
6.327371767943796854e+00 9.999999948464481925e-01
6.335432114145000071e+00 9.999999952455258523e-01
6.343492460346201511e+00 9.999999956136129686e-01
6.351552806547403840e+00 9.999999959533346638e-01
6.359613152748605280e+00 9.999999962666887843e-01
6.367673498949808497e+00 9.999999965558303838e-01
6.375733845151010826e+00 9.999999968226397362e-01
6.383794191352213154e+00 9.999999970686058726e-01
6.391854537553416371e+00 9.999999972955702088e-01
6.399914883754617811e+00 9.999999975050997136e-01
6.407975229955821028e+00 9.999999976982523187e-01
6.416035576157021580e+00 9.999999978764386732e-01
6.424095922358223909e+00 9.999999980409517431e-01
6.432156268559427126e+00 9.999999981927313319e-01
6.440216614760629454e+00 9.999999983326396391e-01
6.448276960961830895e+00 9.999999984617347071e-01
6.456337307163034112e+00 9.999999985808782910e-01
6.464397653364237328e+00 9.999999986907364136e-01
6.472457999565437881e+00 9.999999987921317501e-01
6.480518345766640209e+00 9.999999988856520527e-01
6.488578691967843426e+00 9.999999989720027571e-01
6.496639038169044866e+00 9.999999990516146298e-01
6.504699384370247195e+00 9.999999991250753117e-01
6.512759730571450412e+00 9.999999991927767118e-01
6.520820076772651852e+00 9.999999992552673911e-01
6.528880422973855069e+00 9.999999993130173070e-01
6.536940769175056509e+00 9.999999993661441433e-01
6.545001115376259726e+00 9.999999994152746208e-01
6.553061461577459390e+00 9.999999994606048048e-01
6.561121807778661719e+00 9.999999995023305388e-01
6.569182153979864935e+00 9.999999995408043185e-01
6.577242500181067264e+00 9.999999995764180527e-01
6.585302846382270481e+00 9.999999996092109322e-01
6.593363192583471921e+00 9.999999996394181023e-01
6.601423538784674250e+00 9.999999996673920588e-01
6.609483884985875690e+00 9.999999996932109614e-01
6.617544231187078907e+00 9.999999997170316846e-01
6.625604577388281236e+00 9.999999997388544504e-01
6.633664923589482676e+00 9.999999997589925638e-01
6.641725269790685893e+00 9.999999997776417571e-01
6.649785615991888221e+00 9.999999997949982067e-01
6.657845962193090550e+00 9.999999998109048160e-01
6.665906308394291990e+00 9.999999998254009981e-01
6.673966654595495207e+00 9.999999998389178524e-01
6.682027000796695759e+00 9.999999998514551569e-01
6.690087346997898976e+00 9.999999998630912934e-01
6.698147693199102193e+00 9.999999998735913387e-01
6.706208039400304521e+00 9.999999998832294068e-01
6.714268385601506850e+00 9.999999998923971845e-01
6.722328731802708290e+00 9.999999999007814777e-01
6.730389078003909731e+00 9.999999999083821756e-01
6.738449424205112948e+00 9.999999999154736141e-01
6.746509770406315276e+00 9.999999999220948732e-01
6.754570116607518493e+00 9.999999999280501095e-01
6.762630462808720821e+00 9.999999999336919299e-01
6.770690809009923150e+00 9.999999999387851890e-01
6.778751155211124590e+00 9.999999999434474596e-01
6.786811501412326031e+00 9.999999999479530777e-01
6.794871847613529248e+00 9.999999999519494365e-01
6.802932193814731576e+00 9.999999999556323793e-01
6.810992540015933905e+00 9.999999999590408750e-01
6.819052886217137122e+00 9.999999999623319091e-01
6.827113232418338562e+00 9.999999999652702254e-01
6.835173578619540891e+00 9.999999999678953477e-01
6.843233924820742331e+00 9.999999999703244047e-01
6.851294271021945548e+00 9.999999999725966982e-01
6.859354617223147876e+00 9.999999999747908319e-01
6.867414963424350205e+00 9.999999999767497094e-01
6.875475309625552534e+00 9.999999999786303162e-01
6.883535655826754862e+00 9.999999999801976180e-01
6.891596002027955414e+00 9.999999999816864271e-01
6.899656348229158631e+00 9.999999999831359343e-01
6.907716694430361848e+00 9.999999999844679799e-01
6.915777040631563288e+00 9.999999999856041821e-01
6.923837386832765617e+00 9.999999999866620026e-01
6.931897733033968834e+00 9.999999999877982049e-01
6.939958079235171162e+00 9.999999999888169455e-01
6.948018425436371714e+00 9.999999999896789227e-01
6.956078771637574931e+00 9.999999999903841363e-01
6.964139117838776372e+00 9.999999999911284299e-01
6.972199464039979588e+00 9.999999999918336435e-01
6.980259810241181917e+00 9.999999999924604754e-01
6.988320156442384246e+00 9.999999999930090366e-01
6.996380502643587462e+00 9.999999999936358686e-01
7.004440848844788903e+00 9.999999999941844298e-01
7.012501195045991231e+00 9.999999999945763385e-01
7.020561541247192672e+00 9.999999999948896434e-01
7.028621887448395888e+00 9.999999999952422503e-01
7.036682233649598217e+00 9.999999999958300023e-01
7.044742579850800546e+00 9.999999999961435293e-01
7.052802926052003762e+00 9.999999999963394837e-01
7.060863272253205203e+00 9.999999999965353270e-01
7.068923618454405755e+00 9.999999999968487430e-01
7.076983964655608972e+00 9.999999999972404296e-01
7.085044310856812189e+00 9.999999999973185894e-01
7.093104657058014517e+00 9.999999999975145437e-01
7.101165003259216846e+00 9.999999999977496890e-01
7.109225349460420063e+00 9.999999999979455323e-01
7.117285695661621503e+00 9.999999999981021848e-01
7.125346041862822943e+00 9.999999999981806775e-01
7.133406388064025272e+00 9.999999999984940935e-01
7.141466734265228489e+00 9.999999999985332844e-01
7.149527080466430817e+00 9.999999999985725863e-01
7.157587426667632258e+00 9.999999999987685406e-01
7.165647772868834586e+00 9.999999999987685406e-01
7.173708119070037803e+00 9.999999999988860022e-01
7.181768465271239243e+00 9.999999999989253041e-01
7.189828811472441572e+00 9.999999999990818456e-01
7.197889157673643012e+00 9.999999999991602273e-01
7.205949503874846229e+00 9.999999999992386090e-01
7.214009850076049446e+00 9.999999999992386090e-01
7.222070196277250886e+00 9.999999999993169908e-01
7.230130542478454103e+00 9.999999999994735322e-01
7.238190888679655544e+00 9.999999999994735322e-01
7.246251234880856096e+00 9.999999999993952615e-01
7.254311581082059313e+00 9.999999999993952615e-01
7.262371927283262529e+00 9.999999999997086775e-01
7.270432273484465746e+00 9.999999999995519140e-01
7.278492619685667187e+00 9.999999999995519140e-01
7.286552965886868627e+00 9.999999999997870592e-01
7.294613312088071844e+00 9.999999999997087885e-01
7.302673658289273284e+00 9.999999999996304068e-01
7.310734004490475613e+00 9.999999999996304068e-01
7.318794350691678829e+00 9.999999999997087885e-01
7.326854696892881158e+00 9.999999999997870592e-01
7.334915043094083487e+00 9.999999999999437117e-01
7.342975389295284927e+00 9.999999999997870592e-01
7.351035735496488144e+00 9.999999999997086775e-01
7.359096081697689584e+00 9.999999999997870592e-01
7.367156427898891913e+00 9.999999999997870592e-01
7.375216774100095130e+00 9.999999999998654410e-01
7.383277120301297458e+00 9.999999999999437117e-01
7.391337466502500675e+00 1.000000000000021982e+00
7.399397812703701227e+00 9.999999999997870592e-01
7.407458158904902668e+00 9.999999999998654410e-01
7.415518505106105884e+00 9.999999999998654410e-01
7.423578851307308213e+00 9.999999999999438227e-01
7.431639197508510541e+00 1.000000000000100586e+00
7.439699543709712870e+00 9.999999999998654410e-01
7.447759889910916087e+00 9.999999999997086775e-01
7.455820236112117527e+00 9.999999999998654410e-01
7.463880582313318968e+00 1.000000000000100364e+00
7.471940928514522184e+00 9.999999999999437117e-01
7.480001274715723625e+00 1.000000000000022204e+00
7.488061620916925953e+00 9.999999999998654410e-01
7.496121967118129170e+00 9.999999999998654410e-01
7.504182313319331499e+00 1.000000000000100586e+00
7.512242659520533827e+00 9.999999999999437117e-01
7.520303005721735268e+00 9.999999999999437117e-01
7.528363351922938485e+00 9.999999999999437117e-01
7.536423698124139925e+00 1.000000000000022204e+00
7.544484044325342254e+00 1.000000000000100364e+00
7.552544390526545470e+00 9.999999999998654410e-01
7.560604736727746022e+00 9.999999999997870592e-01
7.568665082928949239e+00 1.000000000000022204e+00
7.576725429130151568e+00 1.000000000000100364e+00
7.584785775331353008e+00 1.000000000000100364e+00
7.592846121532555337e+00 9.999999999999438227e-01
7.600906467733758554e+00 9.999999999997870592e-01
7.608966813934960882e+00 1.000000000000022204e+00
7.617027160136162323e+00 1.000000000000178968e+00
7.625087506337365539e+00 9.999999999999438227e-01
7.633147852538567868e+00 9.999999999998654410e-01
7.641208198739769308e+00 1.000000000000021982e+00
7.649268544940971637e+00 1.000000000000100364e+00
7.657328891142174854e+00 1.000000000000100364e+00
7.665389237343375406e+00 9.999999999998654410e-01
7.673449583544578623e+00 9.999999999999438227e-01
7.681509929745781839e+00 1.000000000000022204e+00
7.689570275946983280e+00 9.999999999999437117e-01
7.697630622148185608e+00 9.999999999999437117e-01
7.705690968349387937e+00 9.999999999998654410e-01
7.713751314550589377e+00 1.000000000000100364e+00
7.721811660751791706e+00 1.000000000000178746e+00
7.729872006952994923e+00 9.999999999999437117e-01
7.737932353154196363e+00 9.999999999998654410e-01
7.745992699355399580e+00 9.999999999999437117e-01
7.754053045556601909e+00 1.000000000000021982e+00
7.762113391757804237e+00 1.000000000000021982e+00
7.770173737959005678e+00 1.000000000000100364e+00
7.778234084160208894e+00 1.000000000000022204e+00
7.786294430361411223e+00 9.999999999999437117e-01
7.794354776562612663e+00 1.000000000000021982e+00
7.802415122763815880e+00 9.999999999999437117e-01
7.810475468965018209e+00 1.000000000000100364e+00
7.818535815166220537e+00 1.000000000000022204e+00
7.826596161367421089e+00 9.999999999999438227e-01
7.834656507568625194e+00 1.000000000000022204e+00
7.842716853769826635e+00 9.999999999999437117e-01
7.850777199971028963e+00 9.999999999999437117e-01
7.858837546172233068e+00 9.999999999999437117e-01
7.866897892373433621e+00 1.000000000000178746e+00
7.874958238574636837e+00 1.000000000000022204e+00
7.883018584775837390e+00 9.999999999999438227e-01
7.891078930977041495e+00 9.999999999999438227e-01
7.899139277178242935e+00 9.999999999999438227e-01
7.907199623379445264e+00 1.000000000000100364e+00
7.915259969580647592e+00 1.000000000000021982e+00
7.923320315781849921e+00 1.000000000000100364e+00
7.931380661983053137e+00 9.999999999999438227e-01
7.939441008184253690e+00 9.999999999999438227e-01
7.947501354385456018e+00 9.999999999999439337e-01
7.955561700586658347e+00 9.999999999999438227e-01
7.963622046787861564e+00 1.000000000000022204e+00
7.971682392989063892e+00 1.000000000000022204e+00
7.979742739190266221e+00 1.000000000000022204e+00
7.987803085391468549e+00 9.999999999999437117e-01
7.995863431592669990e+00 1.000000000000100364e+00
8.003923777793872318e+00 1.000000000000022204e+00
8.011984123995073759e+00 1.000000000000022204e+00
8.020044470196278752e+00 9.999999999999438227e-01
8.028104816397480192e+00 9.999999999999438227e-01
8.036165162598681633e+00 1.000000000000178968e+00
8.044225508799884850e+00 9.999999999999438227e-01
8.052285855001084514e+00 9.999999999997870592e-01
8.060346201202289507e+00 1.000000000000022204e+00
