0.000000000000000000e+00 0.000000000000000000e+00
8.060346201202288688e-03 2.230795948878550039e-02
1.612069240240457738e-02 4.437364902780199100e-02
2.418103860360686433e-02 6.596644141724189447e-02
3.224138480480915475e-02 8.687779076191709526e-02
4.030173100601144864e-02 1.069294728988050419e-01
4.836207720721372866e-02 1.259789996759886066e-01
5.642242340841602255e-02 1.439220109232803302e-01
6.448276960961830950e-02 1.606918508193819761e-01
7.254311581082059646e-02 1.762568365934468750e-01
8.060346201202289729e-02 1.906158921523901095e-01
8.866380821322515648e-02 2.037932502233031351e-01
9.672415441442745732e-02 2.158328539172207350e-01
1.047845006156297581e-01 2.267929538835801451e-01
1.128448468168320451e-01 2.367412405480618653e-01
1.209051930180343182e-01 2.457507027466110661e-01
1.289655392192366190e-01 2.538962822938453656e-01
1.370258854204389198e-01 2.612523056739255445e-01
1.450862316216411929e-01 2.678906181171721301e-01
1.531465778228434660e-01 2.738793163915747009e-01
1.612069240240457946e-01 2.792819677224505082e-01
1.692672702252480676e-01 2.841572065316071427e-01
1.773276164264503130e-01 2.885586125170118699e-01
1.853879626276526416e-01 2.925347887861368679e-01
1.934483088288549146e-01 2.961295745595061146e-01
2.015086550300572155e-01 2.993823416431527495e-01
2.095690012312595163e-01 3.023283366606978051e-01
2.176293474324617616e-01 3.049990416123147252e-01
2.256896936336640902e-01 3.074225337168152716e-01
2.337500398348663633e-01 3.096238319815847739e-01
2.418103860360686364e-01 3.116252227752845938e-01
2.498707322372709372e-01 3.134465601613073971e-01
2.579310784384732380e-01 3.151055392218463647e-01
2.659914246396755666e-01 3.166179422917220765e-01
2.740517708408778397e-01 3.179978590485921242e-01
2.821121170420801127e-01 3.192578820983545951e-01
2.901724632432823858e-01 3.204092800277735797e-01
2.982328094444846589e-01 3.214621500267353937e-01
3.062931556456869320e-01 3.224255522065275215e-01
3.143535018468892606e-01 3.233076276339015842e-01
3.224138480480915891e-01 3.241157019683987839e-01
3.304741942492938067e-01 3.248563764633914386e-01
3.385345404504961353e-01 3.255356078730647362e-01
3.465948866516984084e-01 3.261587786509648756e-01
3.546552328529006259e-01 3.267307587002692415e-01
3.627155790541030100e-01 3.272559597345334192e-01
3.707759252553052831e-01 3.277383832054329704e-01
3.788362714565075562e-01 3.281816626198286735e-01
3.868966176577098293e-01 3.285891009677169294e-01
3.949569638589121578e-01 3.289637038786043521e-01
4.030173100601144309e-01 3.293082090413368412e-01
4.110776562613167040e-01 3.296251123668555438e-01
4.191380024625190326e-01 3.299166912842415034e-01
4.271983486637213057e-01 3.301850255285359026e-01
4.352586948649235232e-01 3.304320157238765931e-01
4.433190410661259073e-01 3.306594000188675109e-01
4.513793872673281804e-01 3.308687690066103304e-01
4.594397334685305090e-01 3.310615791344617698e-01
4.675000796697327266e-01 3.312391647648562643e-01
4.755604258709350551e-01 3.314027490473769877e-01
4.836207720721372727e-01 3.315534537339911436e-01
4.916811182733396013e-01 3.316923080412553237e-01
4.997414644745418744e-01 3.318202566802591624e-01
5.078018106757441474e-01 3.319381671305502990e-01
5.158621568769464760e-01 3.320468362348125702e-01
5.239225030781488046e-01 3.321469961952598915e-01
5.319828492793511332e-01 3.322393200241480216e-01
5.400431954805534618e-01 3.323244264981435880e-01
5.481035416817556793e-01 3.324028846824466088e-01
5.561638878829578969e-01 3.324752180534858992e-01
5.642242340841602255e-01 3.325419082468851206e-01
5.722845802853625541e-01 3.326033985066503829e-01
5.803449264865647717e-01 3.326600968194555197e-01
5.884052726877671002e-01 3.327123787762022999e-01
5.964656188889693178e-01 3.327605902147452999e-01
6.045259650901716464e-01 3.328050496152022975e-01
6.125863112913738640e-01 3.328460503063224718e-01
6.206466574925763036e-01 3.328838624865185225e-01
6.287070036937785211e-01 3.329187350802490508e-01
6.367673498949808497e-01 3.329508974397020760e-01
6.448276960961831783e-01 3.329805608938170569e-01
6.528880422973853959e-01 3.330079201904471153e-01
6.609483884985876134e-01 3.330331548186518109e-01
6.690087346997899420e-01 3.330564302081052697e-01
6.770690809009922706e-01 3.330778988416444042e-01
6.851294271021947102e-01 3.330977012836799922e-01
6.931897733033968168e-01 3.331159671178688386e-01
7.012501195045990343e-01 3.331328158112281113e-01
7.093104657058012519e-01 3.331483575068834857e-01
7.173708119070036915e-01 3.331626937603032745e-01
7.254311581082060201e-01 3.331759182144118370e-01
7.334915043094083487e-01 3.331881172169146033e-01
7.415518505106105662e-01 3.331993703917050520e-01
7.496121967118127838e-01 3.332097511662344136e-01
7.576725429130151124e-01 3.332193272567440800e-01
7.657328891142174410e-01 3.332281611114595865e-01
7.737932353154196585e-01 3.332363103248105474e-01
7.818535815166220981e-01 3.332438280179972345e-01
7.899139277178243157e-01 3.332507631799847547e-01
7.979742739190266443e-01 3.332571609978418614e-01
8.060346201202288619e-01 3.332630631526989906e-01
8.140949663214313015e-01 3.332685080844425829e-01
8.221553125226334080e-01 3.332735312521769577e-01
8.302156587238357366e-01 3.332781653666544441e-01
8.382760049250380652e-01 3.332824405960435610e-01
8.463363511262403938e-01 3.332863847713644634e-01
8.543966973274426113e-01 3.332900235673394440e-01
8.624570435286448289e-01 3.332933806647510599e-01
8.705173897298470465e-01 3.332964779119381715e-01
8.785777359310494861e-01 3.332993354629608662e-01
8.866380821322518146e-01 3.333019719101823486e-01
8.946984283334540322e-01 3.333044044082902890e-01
9.027587745346563608e-01 3.333066487826072954e-01
9.108191207358585784e-01 3.333087196309565403e-01
9.188794669370610180e-01 3.333106304267222653e-01
9.269398131382632355e-01 3.333123935993823617e-01
9.350001593394654531e-01 3.333140206139827977e-01
9.430605055406677817e-01 3.333155220560586329e-01
9.511208517418701103e-01 3.333169076893053862e-01
9.591811979430723278e-01 3.333181865233196262e-01
9.672415441442745454e-01 3.333193668762463591e-01
9.753018903454769850e-01 3.333204564243013035e-01
9.833622365466792026e-01 3.333214622526449178e-01
9.914225827478816422e-01 3.333223908998896867e-01
9.994829289490837487e-01 3.333232484062907397e-01
1.007543275150286188e+00 3.333240403482033987e-01
1.015603621351488295e+00 3.333247718726586317e-01
1.023663967552690623e+00 3.333254477371695446e-01
1.031724313753892952e+00 3.333260723380184198e-01
1.039784659955095281e+00 3.333266497340771628e-01
1.047845006156297609e+00 3.333271836777789154e-01
1.055905352357499716e+00 3.333276776430718624e-01
1.063965698558702266e+00 3.333281348429718016e-01
1.072026044759904373e+00 3.333285582466442021e-01
1.080086390961106924e+00 3.333289506077889985e-01
1.088146737162309252e+00 3.333293144785691720e-01
1.096207083363511359e+00 3.333296522223831992e-01
1.104267429564713909e+00 3.333299660360596328e-01
1.112327775765915794e+00 3.333302579600240789e-01
1.120388121967118122e+00 3.333305298916400261e-01
1.128448468168320451e+00 3.333307835991563550e-01
1.136508814369522558e+00 3.333310207320309138e-01
1.144569160570725108e+00 3.333312428304121000e-01
1.152629506771927215e+00 3.333314513396154477e-01
1.160689852973129543e+00 3.333316476137278550e-01
1.168750199174331872e+00 3.333318329297907390e-01
1.176810545375534200e+00 3.333320084943428019e-01
1.184870891576736529e+00 3.333321754447912677e-01
1.192931237777938636e+00 3.333323348676496822e-01
1.200991583979141186e+00 3.333324878011633130e-01
1.209051930180343293e+00 3.333326352371694390e-01
1.217112276381545621e+00 3.333327781360447828e-01
1.225172622582747728e+00 3.333329174254122673e-01
1.233232968783950056e+00 3.333330540096616224e-01
1.241293314985152607e+00 3.333331887798423043e-01
1.249353661186354936e+00 3.333333226109401193e-01
1.257414007387557042e+00 3.333334563705361298e-01
1.265474353588759371e+00 3.333335909290520149e-01
1.273534699789961699e+00 3.333337271639810195e-01
1.281595045991164028e+00 3.333338659581056018e-01
1.289655392192366357e+00 3.333340082132688620e-01
1.297715738393568685e+00 3.333341548565063595e-01
1.305776084594770792e+00 3.333343068403392118e-01
1.313836430795973120e+00 3.333344651507084144e-01
1.321896776997175227e+00 3.333346308185128892e-01
1.329957123198377777e+00 3.333348049216665054e-01
1.338017469399579884e+00 3.333349885894859588e-01
1.346077815600782435e+00 3.333351830152870843e-01
1.354138161801984541e+00 3.333353894659443206e-01
1.362198508003186870e+00 3.333356092834580120e-01
1.370258854204389420e+00 3.333358438931816603e-01
1.378319200405591749e+00 3.333360948213747177e-01
1.386379546606793634e+00 3.333363637007461522e-01
1.394439892807995962e+00 3.333366522781138208e-01
1.402500239009198069e+00 3.333369624279410304e-01
1.410560585210400619e+00 3.333372961673223278e-01
1.418620931411602504e+00 3.333376556665816337e-01
1.426681277612805054e+00 3.333380432595566822e-01
1.434741623814007383e+00 3.333384614679292257e-01
1.442801970015209712e+00 3.333389130093153407e-01
1.450862316216412040e+00 3.333394008168945044e-01
1.458922662417614147e+00 3.333399280637981965e-01
1.466983008618816697e+00 3.333404981753730900e-01
1.475043354820019026e+00 3.333411148558815262e-01
1.483103701021221132e+00 3.333417821143597748e-01
1.491164047222423461e+00 3.333425042868131127e-01
1.499224393423625568e+00 3.333432860674018783e-01
1.507284739624827896e+00 3.333441325374540409e-01
1.515345085826030225e+00 3.333450491954370043e-01
1.523405432027232553e+00 3.333460419999564883e-01
1.531465778228434882e+00 3.333471174015114613e-01
1.539526124429637433e+00 3.333482823883920365e-01
1.547586470630839317e+00 3.333495445312263938e-01
1.555646816832041868e+00 3.333509120304853912e-01
1.563707163033244196e+00 3.333523937722142616e-01
1.571767509234446747e+00 3.333539993821394432e-01
1.579827855435648631e+00 3.333557392928998553e-01
1.587888201636850960e+00 3.333576248084568205e-01
1.595948547838053289e+00 3.333596681767127534e-01
1.604008894039255395e+00 3.333618826709840444e-01
1.612069240240457724e+00 3.333642826777815649e-01
1.620129586441660052e+00 3.333668837835141452e-01
1.628189932642862603e+00 3.333697028820152841e-01
1.636250278844064932e+00 3.333727582816392032e-01
1.644310625045266816e+00 3.333760698240320619e-01
1.652370971246468923e+00 3.333796590131489213e-01
1.660431317447671473e+00 3.333835491479135160e-01
1.668491663648873802e+00 3.333877654845963101e-01
1.676552009850076130e+00 3.333923353942553902e-01
1.684612356051278237e+00 3.333972885357314175e-01
1.692672702252480788e+00 3.334026570532083178e-01
1.700733048453682894e+00 3.334084757821382805e-01
1.708793394654885223e+00 3.334147824716612307e-01
1.716853740856087551e+00 3.334216180317268741e-01
1.724914087057289658e+00 3.334290267935370866e-01
1.732974433258492208e+00 3.334370567988643730e-01
1.741034779459694093e+00 3.334457601040415331e-01
1.749095125660896866e+00 3.334551931159615568e-01
1.757155471862098972e+00 3.334654169626918851e-01
1.765215818063301301e+00 3.334764978752546849e-01
1.773276164264503629e+00 3.334885076138168758e-01
1.781336510465705736e+00 3.335015239303354972e-01
1.789396856666908064e+00 3.335156310675624347e-01
1.797457202868110393e+00 3.335309202935051176e-01
1.805517549069312722e+00 3.335474904810415975e-01
1.813577895270514828e+00 3.335654487443648342e-01
1.821638241471717157e+00 3.335849111151935609e-01
1.829698587672919707e+00 3.336060032765961192e-01
1.837758933874122036e+00 3.336288613658280333e-01
1.845819280075324365e+00 3.336536328267313278e-01
1.853879626276526471e+00 3.336804773395707358e-01
1.861939972477729022e+00 3.337095678318931502e-01
1.870000318678930906e+00 3.337410915515632848e-01
1.878060664880133457e+00 3.337752512428995288e-01
1.886121011081335563e+00 3.338122664079063995e-01
1.894181357282537892e+00 3.338523746606362197e-01
1.902241703483740221e+00 3.338958332023584386e-01
1.910302049684942327e+00 3.339429204036889476e-01
1.918362395886144656e+00 3.339939375003376787e-01
1.926422742087346984e+00 3.340492104309590871e-01
1.934483088288549091e+00 3.341090918094065110e-01
1.942543434489751419e+00 3.341739630465523359e-01
1.950603780690953970e+00 3.342442366277077470e-01
1.958664126892156299e+00 3.343203585568671476e-01
1.966724473093358405e+00 3.344028109848589669e-01
1.974784819294560734e+00 3.344921150144877786e-01
1.982845165495763284e+00 3.345888337141092461e-01
1.990905511696965391e+00 3.346935753331139463e-01
1.998965857898167497e+00 3.348069967382247270e-01
2.007026204099370048e+00 3.349298070758768286e-01
2.015086550300572377e+00 3.350627716735704031e-01
2.023146896501774705e+00 3.352067161814494267e-01
2.031207242702976590e+00 3.353625309793385467e-01
2.039267588904179362e+00 3.355311758240259734e-01
2.047327935105381247e+00 3.357136847640018740e-01
2.055388281306583576e+00 3.359111713291752510e-01
2.063448627507785904e+00 3.361248339536080931e-01
2.071508973708988233e+00 3.363559616860786194e-01
2.079569319910190561e+00 3.366059401137198592e-01
2.087629666111392890e+00 3.368762575250421332e-01
2.095690012312595218e+00 3.371685112841894538e-01
2.103750358513797547e+00 3.374844143570537858e-01
2.111810704714999432e+00 3.378258019956147384e-01
2.119871050916201760e+00 3.381946384871585276e-01
2.127931397117404533e+00 3.385930239213439386e-01
2.135991743318606417e+00 3.390232009013399161e-01
2.144052089519808746e+00 3.394875611033597029e-01
2.152112435721011074e+00 3.399886515626468486e-01
2.160172781922213847e+00 3.405291805558581242e-01
2.168233128123415732e+00 3.411120229406794935e-01
2.176293474324618504e+00 3.417402247365631807e-01
2.184353820525820389e+00 3.424170067605440959e-01
2.192414166727022717e+00 3.431457670914853653e-01
2.200474512928225046e+00 3.439300820496132838e-01
2.208534859129427819e+00 3.447737054268644741e-01
2.216595205330629259e+00 3.456805656226221712e-01
2.224655551531831588e+00 3.466547602991055244e-01
2.232715897733034360e+00 3.477005481803500664e-01
2.240776243934236245e+00 3.488223375605395971e-01
2.248836590135439018e+00 3.500246710587488486e-01
2.256896936336640902e+00 3.513122061730254431e-01
2.264957282537843675e+00 3.526896911716939642e-01
2.273017628739045115e+00 3.541619358377257609e-01
2.281077974940247444e+00 3.557337766581860627e-01
2.289138321141450216e+00 3.574100360678457156e-01
2.297198667342652101e+00 3.591954754249677695e-01
2.305259013543854429e+00 3.610947415231565705e-01
2.313319359745056758e+00 3.631123065375209680e-01
2.321379705946259087e+00 3.652524015061369145e-01
2.329440052147461415e+00 3.675189436241761975e-01
2.337500398348663744e+00 3.699154578730770027e-01
2.345560744549865628e+00 3.724449937803258059e-01
2.353621090751068401e+00 3.751100383973818841e-01
2.361681436952270285e+00 3.779124269216087573e-01
2.369741783153473058e+00 3.808532526822914210e-01
2.377802129354674943e+00 3.839327785765702106e-01
2.385862475555877271e+00 3.871503523177738382e-01
2.393922821757079600e+00 3.905043281111340026e-01
2.401983167958282372e+00 3.939919975871587488e-01
2.410043514159483813e+00 3.976095329000267076e-01
2.418103860360686586e+00 4.013519448933632328e-01
2.426164206561888914e+00 4.052130590896684259e-01
2.434224552763091243e+00 4.091855119684053577e-01
2.442284898964293571e+00 4.132607695668046310e-01
2.450345245165495456e+00 4.174291698231426540e-01
2.458405591366698673e+00 4.216799893855360803e-01
2.466465937567900113e+00 4.260015347716191725e-01
2.474526283769102442e+00 4.303812568585678733e-01
2.482586629970305214e+00 4.348058867887274470e-01
2.490646976171507543e+00 4.392615904493862855e-01
2.498707322372709871e+00 4.437341379144261744e-01
2.506767668573911756e+00 4.482090835546619911e-01
2.514828014775114085e+00 4.526719520228887350e-01
2.522888360976316413e+00 4.571084250697958762e-01
2.530948707177518742e+00 4.615045240894635192e-01
2.539009053378720626e+00 4.658467835042280347e-01
2.547069399579923399e+00 4.701224105097477901e-01
2.555129745781125283e+00 4.743194273363180447e-01
2.563190091982328056e+00 4.784267929148916521e-01
2.571250438183530385e+00 4.824345017326776008e-01
2.579310784384732713e+00 4.863336585876081308e-01
2.587371130585935042e+00 4.901165288097781292e-01
2.595431476787137370e+00 4.937765644337610560e-01
2.603491822988339255e+00 4.973084075367833479e-01
2.611552169189541583e+00 5.007078725761376914e-01
2.619612515390743912e+00 5.039719100849278099e-01
2.627672861591946241e+00 5.070985543923967054e-01
2.635733207793148569e+00 5.100868582512371185e-01
2.643793553994350454e+00 5.129368172906729750e-01
2.651853900195553226e+00 5.156492871515551135e-01
2.659914246396755555e+00 5.182258960078705012e-01
2.667974592597957439e+00 5.206689549238237014e-01
2.676034938799159768e+00 5.229813682169116573e-01
2.684095285000362541e+00 5.251665456762847350e-01
2.692155631201564869e+00 5.272283181586756573e-01
2.700215977402766754e+00 5.291708577478638764e-01
2.708276323603969082e+00 5.309986033769580338e-01
2.716336669805171855e+00 5.327161925118513164e-01
2.724397016006373740e+00 5.343283992559699769e-01
2.732457362207575624e+00 5.358400790322640495e-01
2.740517708408778841e+00 5.372561197978559244e-01
2.748578054609980725e+00 5.385813996309076757e-01
2.756638400811183498e+00 5.398207503993712741e-01
2.764698747012385383e+00 5.409789271577757352e-01
2.772759093213587267e+00 5.420605828451172670e-01
2.780819439414789596e+00 5.430702478391504773e-01
2.788879785615991924e+00 5.440123139122108320e-01
2.796940131817194253e+00 5.448910221073541837e-01
2.805000478018396137e+00 5.457104541075225024e-01
2.813060824219598466e+00 5.464745266366226595e-01
2.821121170420801239e+00 5.471869885159440505e-01
2.829181516622003123e+00 5.478514199917678962e-01
2.837241862823205008e+00 5.484712339721917740e-01
2.845302209024408224e+00 5.490496789064955863e-01
2.853362555225610109e+00 5.495898429812198227e-01
2.861422901426811993e+00 5.500946594315129223e-01
2.869483247628014766e+00 5.505669127327350587e-01
2.877543593829217095e+00 5.510092454769510706e-01
2.885603940030419423e+00 5.514241658149928726e-01
2.893664286231621308e+00 5.518140552874902793e-01
2.901724632432824080e+00 5.521811769557802840e-01
2.909784978634026409e+00 5.525276837362324001e-01
2.917845324835228293e+00 5.528556268653542771e-01
2.925905671036430622e+00 5.531669644196308688e-01
2.933966017237633395e+00 5.534635698696250827e-01
2.942026363438835279e+00 5.537472406194646757e-01
2.950086709640038052e+00 5.540197065000787013e-01
2.958147055841239936e+00 5.542826382176520017e-01
2.966207402042442265e+00 5.545376557352400537e-01
2.974267748243644593e+00 5.547863365968306315e-01
2.982328094444846922e+00 5.550302241779820900e-01
2.990388440646048807e+00 5.552708358985193327e-01
2.998448786847251135e+00 5.555096713821593424e-01
3.006509133048453464e+00 5.557482205778597750e-01
3.014569479249655792e+00 5.559879718756636224e-01
3.022629825450858565e+00 5.562304202151570065e-01
3.030690171652060450e+00 5.564770752044287949e-01
3.038750517853263222e+00 5.567294692671000966e-01
3.046810864054465107e+00 5.569891658261442169e-01
3.054871210255667879e+00 5.572577675395991026e-01
3.062931556456869764e+00 5.575369246061159245e-01
3.070991902658072092e+00 5.578283431147414984e-01
3.079052248859274865e+00 5.581337934660453026e-01
3.087112595060476306e+00 5.584551188598703142e-01
3.095172941261678634e+00 5.587942438166415560e-01
3.103233287462881407e+00 5.591531827247080422e-01
3.111293633664083735e+00 5.595340483807312859e-01
3.119353979865285176e+00 5.599390604851935960e-01
3.127414326066488393e+00 5.603705540378633998e-01
3.135474672267690277e+00 5.608309875507831999e-01
3.143535018468893494e+00 5.613229510100812281e-01
3.151595364670094490e+00 5.618491734910286972e-01
3.159655710871297263e+00 5.624125302572261509e-01
3.167716057072500035e+00 5.630160492468532230e-01
3.175776403273701920e+00 5.636629167470504909e-01
3.183836749474904249e+00 5.643564820481558053e-01
3.191897095676106577e+00 5.651002608605101285e-01
3.199957441877308906e+00 5.658979372190496848e-01
3.208017788078510790e+00 5.667533635946528925e-01
3.216078134279713563e+00 5.676705588635873045e-01
3.224138480480915447e+00 5.686537037811342232e-01
3.232198826682118664e+00 5.697071335710646167e-01
3.240259172883320105e+00 5.708353272054075278e-01
3.248319519084522433e+00 5.720428929292572517e-01
3.256379865285725206e+00 5.733345495612545140e-01
3.264440211486927534e+00 5.747151031252383246e-01
3.272500557688129863e+00 5.761894183518494472e-01
3.280560903889330859e+00 5.777623845926316282e-01
3.288621250090533632e+00 5.794388757984884064e-01
3.296681596291735961e+00 5.812237042265877562e-01
3.304741942492937845e+00 5.831215676441926510e-01
3.312802288694140618e+00 5.851369899752483228e-01
3.320862634895342946e+00 5.872742554372699653e-01
3.328922981096545275e+00 5.895373364371460090e-01
3.336983327297747604e+00 5.919298157564345519e-01
3.345043673498949488e+00 5.944548037893646608e-01
3.353104019700152261e+00 5.971148519104764185e-01
3.361164365901354145e+00 5.999118633531350664e-01
3.369224712102556474e+00 6.028470033379434989e-01
3.377285058303759246e+00 6.059206104947505445e-01
3.385345404504961575e+00 6.091321119223537250e-01
3.393405750706163015e+00 6.124799444923084701e-01
3.401466096907365788e+00 6.159614852217273340e-01
3.409526443108568561e+00 6.195729936190231824e-01
3.417586789309770445e+00 6.233095688924649158e-01
3.425647135510972774e+00 6.271651248246667976e-01
3.433707481712175102e+00 6.311323847766110440e-01
3.441767827913377431e+00 6.352028988924668385e-01
3.449828174114579316e+00 6.393670849724942817e-01
3.457888520315781644e+00 6.436142937835958033e-01
3.465948866516984417e+00 6.479328987528136796e-01
3.474009212718185857e+00 6.523104090761145946e-01
3.482069558919388186e+00 6.567336043835134696e-01
3.490129905120590958e+00 6.611886881880446598e-01
3.498190251321793731e+00 6.656614565385015059e-01
3.506250597522995616e+00 6.701374776312253312e-01
3.514310943724197944e+00 6.746022776066782356e-01
3.522371289925400273e+00 6.790415274918499833e-01
3.530431636126602601e+00 6.834412262074982536e-01
3.538491982327804486e+00 6.877878746960232048e-01
3.546552328529007259e+00 6.920686366865048678e-01
3.554612674730210031e+00 6.962714821909786744e-01
3.562673020931411472e+00 7.003853105747702701e-01
3.570733367132614244e+00 7.044000509402179588e-01
3.578793713333816129e+00 7.083067384443011427e-01
3.586854059535018902e+00 7.120975660983918099e-01
3.594914405736220786e+00 7.157659124605801892e-01
3.602974751937423115e+00 7.193063463849985739e-01
3.611035098138625443e+00 7.227146106448788521e-01
3.619095444339827772e+00 7.259875867495217960e-01
3.627155790541029656e+00 7.291232436116011906e-01
3.635216136742232873e+00 7.321205729266577755e-01
3.643276482943434313e+00 7.349795141972691459e-01
3.651336829144636642e+00 7.377008722627416137e-01
3.659397175345839415e+00 7.402862300444665866e-01
3.667457521547041743e+00 7.427378589807333009e-01
3.675517867748244072e+00 7.450586293378735903e-01
3.683578213949445956e+00 7.472519222710622966e-01
3.691638560150648729e+00 7.493215451704016150e-01
3.699698906351850614e+00 7.512716515080917201e-01
3.707759252553052942e+00 7.531066660957169701e-01
3.715819598754255271e+00 7.548312163737004310e-01
3.723879944955458043e+00 7.564500701095484558e-01
3.731940291156659484e+00 7.579680796604696402e-01
3.740000637357861812e+00 7.593901327833226800e-01
3.748060983559064585e+00 7.607211098260100446e-01
3.756121329760266914e+00 7.619658470238713788e-01
3.764181675961469242e+00 7.631291055446618454e-01
3.772242022162671127e+00 7.642155458661924472e-01
3.780302368363873011e+00 7.652297070415970959e-01
3.788362714565075784e+00 7.661759903859175491e-01
3.796423060766277668e+00 7.670586471240433690e-01
3.804483406967480441e+00 7.678817695461573889e-01
3.812543753168682770e+00 7.686492852371296092e-01
3.820604099369884654e+00 7.693649539754174871e-01
3.828664445571087427e+00 7.700323669225686007e-01
3.836724791772289311e+00 7.706549477605881826e-01
3.844785137973491640e+00 7.712359554644453441e-01
3.852845484174693969e+00 7.717784884334658591e-01
3.860905830375895853e+00 7.722854897341949743e-01
3.868966176577098182e+00 7.727597532396386359e-01
3.877026522778300954e+00 7.732039304793297818e-01
3.885086868979502839e+00 7.736205380391552033e-01
3.893147215180705611e+00 7.740119653769903518e-01
3.901207561381907940e+00 7.743804829387190836e-01
3.909267907583110269e+00 7.747282504810025783e-01
3.917328253784312597e+00 7.750573255280387430e-01
3.925388599985514482e+00 7.753696718967693080e-01
3.933448946186716810e+00 7.756671682465727802e-01
3.941509292387918695e+00 7.759516166181048558e-01
3.949569638589121467e+00 7.762247509348021435e-01
3.957629984790323796e+00 7.764882454524719702e-01
3.965690330991526569e+00 7.767437231474116910e-01
3.973750677192728009e+00 7.769927640409791669e-01
3.981811023393930782e+00 7.772369134611234465e-01
3.989871369595133110e+00 7.774776902501235876e-01
3.997931715796334995e+00 7.777165949288380453e-01
4.005992061997536879e+00 7.779551178254978661e-01
4.014052408198740096e+00 7.781947471871422106e-01
4.022112754399942425e+00 7.784369772885474381e-01
4.030173100601144753e+00 7.786833165492663689e-01
4.038233446802346194e+00 7.789352956785230431e-01
4.046293793003549411e+00 7.791944758595610310e-01
4.054354139204750851e+00 7.794624569812033110e-01
4.062414485405953180e+00 7.797408859304129081e-01
4.070474831607156396e+00 7.800314649469528572e-01
4.078535177808358725e+00 7.803359600419081943e-01
4.086595524009561053e+00 7.806562094743878522e-01
4.094655870210762494e+00 7.809941322723048529e-01
4.102716216411964822e+00 7.813517367808147096e-01
4.110776562613167151e+00 7.817311292044477611e-01
4.118836908814369480e+00 7.821345221042239615e-01
4.126897255015571808e+00 7.825642427982303362e-01
4.134957601216775025e+00 7.830227415928669998e-01
4.143017947417976465e+00 7.835125997647184315e-01
4.151078293619178794e+00 7.840365371876583112e-01
4.159138639820381123e+00 7.845974194841633942e-01
4.167198986021583451e+00 7.851982645474904210e-01
4.175259332222785780e+00 7.858422482682837495e-01
4.183319678423988108e+00 7.865327092647017571e-01
4.191380024625190437e+00 7.872731523819688215e-01
4.199440370826392765e+00 7.880672507034753860e-01
4.207500717027595094e+00 7.889188457778991692e-01
4.215561063228797423e+00 7.898319457373563779e-01
4.223621409429998863e+00 7.908107209406902705e-01
4.231681755631202080e+00 7.918594967564941411e-01
4.239742101832403520e+00 7.929827430619466044e-01
4.247802448033606737e+00 7.941850600155252460e-01
4.255862794234809066e+00 7.954711596445732669e-01
4.263923140436011394e+00 7.968458427833302604e-01
4.271983486637212835e+00 7.983139709030330211e-01
4.280043832838415163e+00 7.998804323998248700e-01
4.288104179039617492e+00 8.015501029544817024e-01
4.296164525240820709e+00 8.033277996374759145e-01
4.304224871442022149e+00 8.052182285367620596e-01
4.312285217643224478e+00 8.072259258081828648e-01
4.320345563844427694e+00 8.093551922145896249e-01
4.328405910045629135e+00 8.116100214085765208e-01
4.336466256246831463e+00 8.139940224514277123e-01
4.344526602448033792e+00 8.165103373314426261e-01
4.352586948649237009e+00 8.191615545293335909e-01
4.360647294850438449e+00 8.219496200058729052e-01
4.368707641051640778e+00 8.248757473125589712e-01
4.376767987252843994e+00 8.279403288530841065e-01
4.384828333454045435e+00 8.311428506259067595e-01
4.392888679655247763e+00 8.344818130459609185e-01
4.400949025856450092e+00 8.379546606414777221e-01
4.409009372057652421e+00 8.415577235344229301e-01
4.417069718258855637e+00 8.452861736165655504e-01
4.425130064460057078e+00 8.491339982028525135e-01
4.433190410661258518e+00 8.530939936768022758e-01
4.441250756862461735e+00 8.571577812150195097e-01
4.449311103063663175e+00 8.613158461094114760e-01
4.457371449264865504e+00 8.655576015000385759e-01
4.465431795466068721e+00 8.698714765123227721e-01
4.473492141667271937e+00 8.742450279046273254e-01
4.481552487868472490e+00 8.786650734114412886e-01
4.489612834069674818e+00 8.831178440706158872e-01
4.497673180270878035e+00 8.875891520057982431e-01
4.505733526472080364e+00 8.920645694430717754e-01
4.513793872673281804e+00 8.965296142334718832e-01
4.521854218874484133e+00 9.009699368441714817e-01
4.529914565075687349e+00 9.053715037190537274e-01
4.537974911276887013e+00 9.097207720756523841e-01
4.546035257478090230e+00 9.140048515979476429e-01
4.554095603679292559e+00 9.182116490816032428e-01
4.562155949880494887e+00 9.223299928330840336e-01
4.570216296081697216e+00 9.263497344866233885e-01
4.578276642282900433e+00 9.302618268137514690e-01
4.586336988484102761e+00 9.340583770139869735e-01
4.594397334685304202e+00 9.377326758377654281e-01
4.602457680886506530e+00 9.412792036704781262e-01
4.610518027087708859e+00 9.446936153512510703e-01
4.618578373288911187e+00 9.479727060151164064e-01
4.626638719490113516e+00 9.511143606038214848e-01
4.634699065691315845e+00 9.541174898975530727e-01
4.642759411892518173e+00 9.569819559932750686e-01
4.650819758093720502e+00 9.597084901015404679e-01
4.658880104294922830e+00 9.622986053828810338e-01
4.666940450496124271e+00 9.647545073125489701e-01
4.675000796697327488e+00 9.670790037807593942e-01
4.683061142898529816e+00 9.692754168175706786e-01
4.691121489099731257e+00 9.713474975015345958e-01
4.699181835300933585e+00 9.732993452871949724e-01
4.707242181502136802e+00 9.751353326752767448e-01
4.715302527703338242e+00 9.768600358651273741e-01
4.723362873904540571e+00 9.784781717788865185e-01
4.731423220105742899e+00 9.799945416246402807e-01
4.739483566306946116e+00 9.814139809886095467e-01
4.747543912508147557e+00 9.827413162990669138e-01
4.755604258709349885e+00 9.839813273872997090e-01
4.763664604910553102e+00 9.851387157919860860e-01
4.771724951111754542e+00 9.862180783934135775e-01
4.779785297312956871e+00 9.872238859284672152e-01
4.787845643514159200e+00 9.881604659205875940e-01
4.795905989715361528e+00 9.890319895595277577e-01
4.803966335916564745e+00 9.898424620732173551e-01
4.812026682117766185e+00 9.905957161544173273e-01
4.820087028318967626e+00 9.912954080303160165e-01
4.828147374520170843e+00 9.919450157924435407e-01
4.836207720721373171e+00 9.925478396358213828e-01
4.844268066922575500e+00 9.931070036890150554e-01
4.852328413123777828e+00 9.936254591519074753e-01
4.860388759324981045e+00 9.941059884849188233e-01
4.868449105526182485e+00 9.945512104307441259e-01
4.876509451727383926e+00 9.949635856715344229e-01
4.884569797928587143e+00 9.953454229539155929e-01
4.892630144129789471e+00 9.956988855409174555e-01
4.900690490330990912e+00 9.960259978647343360e-01
4.908750836532194128e+00 9.963286522810383961e-01
4.916811182733397345e+00 9.966086158388853811e-01
4.924871528934597897e+00 9.968675369957304966e-01
4.932931875135800226e+00 9.971069522210990188e-01
4.940992221337003443e+00 9.973282924456148280e-01
4.949052567538204883e+00 9.975328893180922529e-01
4.957112913739407212e+00 9.977219812449098502e-01
4.965173259940610428e+00 9.978967191942700321e-01
4.973233606141811869e+00 9.980581722494774599e-01
4.981293952343015086e+00 9.982073329050474841e-01
4.989354298544216526e+00 9.983451221006662823e-01
4.997414644745419743e+00 9.984723939940612913e-01
5.005474990946621183e+00 9.985899404738419749e-01
5.013535337147823512e+00 9.986984954170485818e-01
5.021595683349025840e+00 9.987987386991674654e-01
5.029656029550228169e+00 9.988912999622562294e-01
5.037716375751431386e+00 9.989767621520286855e-01
5.045776721952632826e+00 9.990556648319717237e-01
5.053837068153834267e+00 9.991285072838195225e-01
5.061897414355037483e+00 9.991957514073528390e-01
5.069957760556239812e+00 9.992578244266137055e-01
5.078018106757441252e+00 9.993151214135456151e-01
5.086078452958644469e+00 9.993680076414412916e-01
5.094138799159846798e+00 9.994168207749734023e-01
5.102199145361049126e+00 9.994618729077395791e-01
5.110259491562250567e+00 9.995034524576685842e-01
5.118319837763453783e+00 9.995418259278436857e-01
5.126380183964656112e+00 9.995772395408178967e-01
5.134440530165857552e+00 9.996099207567636924e-01
5.142500876367060769e+00 9.996400796812547895e-01
5.150561222568263098e+00 9.996679103704770863e-01
5.158621568769465426e+00 9.996935920413129173e-01
5.166681914970666867e+00 9.997172901929207711e-01
5.174742261171870084e+00 9.997391576450969097e-01
5.182802607373071524e+00 9.997593354993776771e-01
5.190862953574274741e+00 9.997779540300486545e-01
5.198923299775477069e+00 9.997951335071013634e-01
5.206983645976678510e+00 9.998109849590497422e-01
5.215043992177880838e+00 9.998256108775654960e-01
5.223104338379083167e+00 9.998391058692599476e-01
5.231164684580284607e+00 9.998515572591993861e-01
5.239225030781487824e+00 9.998630456476391704e-01
5.247285376982691041e+00 9.998736454253454031e-01
5.255345723183892481e+00 9.998834252494250840e-01
5.263406069385094810e+00 9.998924484841295035e-01
5.271466415586297138e+00 9.999007736061227281e-01
5.279526761787500355e+00 9.999084545806390389e-01
5.287587107988700907e+00 9.999155412084534955e-01
5.295647454189904124e+00 9.999220794456216144e-01
5.303707800391106453e+00 9.999281117002218888e-01
5.311768146592307893e+00 9.999336771049243122e-01
5.319828492793511110e+00 9.999388117693035483e-01
5.327888838994713439e+00 9.999435490133461446e-01
5.335949185195914879e+00 9.999479195822694733e-01
5.344009531397117208e+00 9.999519518446893240e-01
5.352069877598319536e+00 9.999556719764868262e-01
5.360130223799522753e+00 9.999591041300230909e-01
5.368190570000725081e+00 9.999622705900329533e-01
5.376250916201927410e+00 9.999651919176861803e-01
5.384311262403129739e+00 9.999678870843837775e-01
5.392371608604331179e+00 9.999703735940358440e-01
5.400431954805533508e+00 9.999726675964852873e-01
5.408492301006735836e+00 9.999747839922328296e-01
5.416552647207938165e+00 9.999767365288576570e-01
5.424612993409141382e+00 9.999785378906188571e-01
5.432673339610343710e+00 9.999801997798309916e-01
5.440733685811545151e+00 9.999817329934193033e-01
5.448794032012747479e+00 9.999831474929341546e-01
5.456854378213950696e+00 9.999844524689203151e-01
5.464914724415151248e+00 9.999856564004309112e-01
5.472975070616354465e+00 9.999867671103489508e-01
5.481035416817557682e+00 9.999877918162010104e-01
5.489095763018758234e+00 9.999887371767421929e-01
5.497156109219961451e+00 9.999896093351705595e-01
5.505216455421163779e+00 9.999904139591286878e-01
5.513276801622366996e+00 9.999911562778454055e-01
5.521337147823567548e+00 9.999918411152813880e-01
5.529397494024770765e+00 9.999924729224126674e-01
5.537457840225973094e+00 9.999930558052047003e-01
5.545518186427174534e+00 9.999935935518805552e-01
5.553578532628375974e+00 9.999940896576037241e-01
5.561638878829579191e+00 9.999945473465368107e-01
5.569699225030781520e+00 9.999949695934280403e-01
5.577759571231983848e+00 9.999953591426916644e-01
5.585819917433186177e+00 9.999957185263922410e-01
5.593880263634388506e+00 9.999960500800718632e-01
5.601940609835590834e+00 9.999963559590486772e-01
5.610000956036792275e+00 9.999966381513465397e-01
5.618061302237995491e+00 9.999968984910547753e-01
5.626121648439196932e+00 9.999971386705908127e-01
5.634181994640400148e+00 9.999973602508485104e-01
5.642242340841602477e+00 9.999975646721674938e-01
5.650302687042803917e+00 9.999977532634625188e-01
5.658363033244006246e+00 9.999979272503719541e-01
5.666423379445209463e+00 9.999980877637599797e-01
5.674483725646410015e+00 9.999982358472783162e-01
5.682544071847613232e+00 9.999983724632433013e-01
5.690604418048816449e+00 9.999984984997264403e-01
5.698664764250017001e+00 9.999986147760790978e-01
5.706725110451220218e+00 9.999987220479088501e-01
5.714785456652422546e+00 9.999988210126031785e-01
5.722845802853623987e+00 9.999989123136385771e-01
5.730906149054826315e+00 9.999989965443036866e-01
5.738966495256029532e+00 9.999990742521256415e-01
5.747026841457231860e+00 9.999991459422794549e-01
5.755087187658434189e+00 9.999992120808390839e-01
5.763147533859636518e+00 9.999992730975203470e-01
5.771207880060838846e+00 9.999993293890114820e-01
5.779268226262040287e+00 9.999993813213621241e-01
5.787328572463242615e+00 9.999994292319825950e-01
5.795388918664444944e+00 9.999994734325421408e-01
5.803449264865648161e+00 9.999995142101055778e-01
5.811509611066850489e+00 9.999995518299156227e-01
5.819569957268052818e+00 9.999995865364099679e-01
5.827630303469254258e+00 9.999996185551424110e-01
5.835690649670456587e+00 9.999996480943499355e-01
5.843750995871659804e+00 9.999996753460880239e-01
5.851811342072861244e+00 9.999997004875247342e-01
5.859871688274063573e+00 9.999997236818013446e-01
5.867932034475266789e+00 9.999997450801099141e-01
5.875992380676469118e+00 9.999997648212619605e-01
5.884052726877670558e+00 9.999997830334902416e-01
5.892113073078872887e+00 9.999997998355074635e-01
5.900173419280076104e+00 9.999998153363491848e-01
5.908233765481276656e+00 9.999998296367837991e-01
5.916294111682479873e+00 9.999998428298222386e-01
5.924354457883683089e+00 9.999998550011102161e-01
5.932414804084884530e+00 9.999998662298673624e-01
5.940475150286086858e+00 9.999998765892803565e-01
5.948535496487289187e+00 9.999998861462279232e-01
5.956595842688490627e+00 9.999998949630048983e-01
5.964656188889693844e+00 9.999999030972042124e-01
5.972716535090896173e+00 9.999999106013650607e-01
5.980776881292097613e+00 9.999999175243829974e-01
5.988837227493300830e+00 9.999999239114313321e-01
5.996897573694502270e+00 9.999999298037658413e-01
6.004957919895705487e+00 9.999999352397427321e-01
6.013018266096906927e+00 9.999999402548972460e-01
6.021078612298110144e+00 9.999999448815131142e-01
6.029138958499311585e+00 9.999999491498754445e-01
6.037199304700513913e+00 9.999999530878800336e-01
6.045259650901717130e+00 9.999999567207581430e-01
6.053319997102919459e+00 9.999999600722131454e-01
6.061380343304120899e+00 9.999999631642635389e-01
6.069440689505323228e+00 9.999999660168907845e-01
6.077501035706526444e+00 9.999999686485481210e-01
6.085561381907727885e+00 9.999999710764352345e-01
6.093621728108930213e+00 9.999999733163411619e-01
6.101682074310133430e+00 9.999999753826835924e-01
6.109742420511335759e+00 9.999999772890191263e-01
6.117802766712536311e+00 9.999999790478062422e-01
6.125863112913739528e+00 9.999999806703286920e-01
6.133923459114941856e+00 9.999999821672820310e-01
6.141983805316144185e+00 9.999999835482654698e-01
6.150044151517346513e+00 9.999999848222902443e-01
6.158104497718549730e+00 9.999999859976227423e-01
6.166164843919751171e+00 9.999999870819422654e-01
6.174225190120952611e+00 9.999999880823402520e-01
6.182285536322155828e+00 9.999999890052815310e-01
6.190345882523357268e+00 9.999999898567207834e-01
6.198406228724560485e+00 9.999999906421825902e-01
6.206466574925762814e+00 9.999999913669950224e-01
6.214526921126964254e+00 9.999999920354679661e-01
6.222587267328167471e+00 9.999999926521465632e-01
6.230647613529369799e+00 9.999999932212222387e-01
6.238707959730570352e+00 9.999999937461823141e-01
6.246768305931773568e+00 9.999999942304353961e-01
6.254828652132976785e+00 9.999999946772726300e-01
6.262888998334179114e+00 9.999999950895539502e-01
6.270949344535380554e+00 9.999999954697474935e-01
6.279009690736583771e+00 9.999999958205958439e-01
6.287070036937786988e+00 9.999999961442149754e-01
6.295130383138987540e+00 9.999999964427594978e-01
6.303190729340188980e+00 9.999999967182666705e-01
6.311251075541392197e+00 9.999999969724211457e-01
6.319311421742594526e+00 9.999999972069077980e-01
6.327371767943796854e+00 9.999999974232547384e-01
6.335432114145000071e+00 9.999999976227936793e-01
6.343492460346201511e+00 9.999999978067786177e-01
6.351552806547403840e+00 9.999999979766590608e-01
6.359613152748605280e+00 9.999999981333360655e-01
6.367673498949808497e+00 9.999999982778675633e-01
6.375733845151010826e+00 9.999999984113503437e-01
6.383794191352213154e+00 9.999999985343335229e-01
6.391854537553416371e+00 9.999999986477962066e-01
6.399914883754617811e+00 9.999999987525610701e-01
6.407975229955821028e+00 9.999999988490982927e-01
6.416035576157021580e+00 9.999999989381914700e-01
6.424095922358223909e+00 9.999999990204674338e-01
6.432156268559427126e+00 9.999999990963963636e-01
6.440216614760629454e+00 9.999999991663309773e-01
6.448276960961830895e+00 9.999999992308588048e-01
6.456337307163034112e+00 9.999999992904502477e-01
6.464397653364237328e+00 9.999999993453401181e-01
6.472457999565437881e+00 9.999999993960768663e-01
6.480518345766640209e+00 9.999999994428567796e-01
6.488578691967843426e+00 9.999999994859930519e-01
6.496639038169044866e+00 9.999999995257988772e-01
6.504699384370247195e+00 9.999999995625487026e-01
6.512759730571450412e+00 9.999999995963995136e-01
6.520820076772651852e+00 9.999999996275861225e-01
6.528880422973855069e+00 9.999999996565002158e-01
6.536940769175056509e+00 9.999999996831028248e-01
6.545001115376259726e+00 9.999999997076680636e-01
6.553061461577459390e+00 9.999999997303133936e-01
6.561121807778661719e+00 9.999999997511176408e-01
6.569182153979864935e+00 9.999999997703937771e-01
6.577242500181067264e+00 9.999999997882592639e-01
6.585302846382270481e+00 9.999999998045576710e-01
6.593363192583471921e+00 9.999999998196809070e-01
6.601423538784674250e+00 9.999999998337070206e-01
6.609483884985875690e+00 9.999999998465969320e-01
6.617544231187078907e+00 9.999999998585857863e-01
6.625604577388281236e+00 9.999999998694384384e-01
6.633664923589482676e+00 9.999999998794291134e-01
6.641725269790685893e+00 9.999999998887927344e-01
6.649785615991888221e+00 9.999999998975296345e-01
6.657845962193090550e+00 9.999999999054829392e-01
6.665906308394291990e+00 9.999999999126920613e-01
6.673966654595495207e+00 9.999999999194307820e-01
6.682027000796695759e+00 9.999999999257386252e-01
6.690087346997898976e+00 9.999999999315765109e-01
6.698147693199102193e+00 9.999999999367872316e-01
6.706208039400304521e+00 9.999999999416453456e-01
6.714268385601506850e+00 9.999999999461901545e-01
6.722328731802708290e+00 9.999999999503430548e-01
6.730389078003909731e+00 9.999999999541826501e-01
6.738449424205112948e+00 9.999999999577087184e-01
6.746509770406315276e+00 9.999999999610780232e-01
6.754570116607518493e+00 9.999999999639772597e-01
6.762630462808720821e+00 9.999999999668764961e-01
6.770690809009923150e+00 9.999999999694624275e-01
6.778751155211124590e+00 9.999999999716564503e-01
6.786811501412326031e+00 9.999999999739288548e-01
6.794871847613529248e+00 9.999999999759661140e-01
6.802932193814731576e+00 9.999999999778466098e-01
6.810992540015933905e+00 9.999999999794922934e-01
6.819052886217137122e+00 9.999999999812161366e-01
6.827113232418338562e+00 9.999999999827049457e-01
6.835173578619540891e+00 9.999999999839586096e-01
6.843233924820742331e+00 9.999999999851340027e-01
6.851294271021945548e+00 9.999999999862310140e-01
6.859354617223147876e+00 9.999999999874065182e-01
6.867414963424350205e+00 9.999999999884252588e-01
6.875475309625552534e+00 9.999999999893655067e-01
6.883535655826754862e+00 9.999999999900707204e-01
6.891596002027955414e+00 9.999999999907759340e-01
6.899656348229158631e+00 9.999999999915594184e-01
6.907716694430361848e+00 9.999999999922646321e-01
6.915777040631563288e+00 9.999999999927348115e-01
6.923837386832765617e+00 9.999999999932833727e-01
6.931897733033968834e+00 9.999999999939885864e-01
6.939958079235171162e+00 9.999999999944586548e-01
6.948018425436371714e+00 9.999999999948504525e-01
6.956078771637574931e+00 9.999999999951638685e-01
6.964139117838776372e+00 9.999999999955556662e-01
6.972199464039979588e+00 9.999999999959475749e-01
6.980259810241181917e+00 9.999999999962609909e-01
6.988320156442384246e+00 9.999999999964960251e-01
6.996380502643587462e+00 9.999999999968095521e-01
7.004440848844788903e+00 9.999999999971229681e-01
7.012501195045991231e+00 9.999999999972796205e-01
7.020561541247192672e+00 9.999999999974362730e-01
7.028621887448395888e+00 9.999999999975147658e-01
7.036682233649598217e+00 9.999999999979065635e-01
7.044742579850800546e+00 9.999999999981417087e-01
7.052802926052003762e+00 9.999999999981417087e-01
7.060863272253205203e+00 9.999999999982983612e-01
7.068923618454405755e+00 9.999999999983766319e-01
7.076983964655608972e+00 9.999999999985333954e-01
7.085044310856812189e+00 9.999999999986899368e-01
7.093104657058014517e+00 9.999999999988467003e-01
7.101165003259216846e+00 9.999999999989253041e-01
7.109225349460420063e+00 9.999999999990036859e-01
7.117285695661621503e+00 9.999999999990036859e-01
7.125346041862822943e+00 9.999999999990035748e-01
7.133406388064025272e+00 9.999999999993169908e-01
7.141466734265228489e+00 9.999999999993169908e-01
7.149527080466430817e+00 9.999999999993169908e-01
7.157587426667632258e+00 9.999999999993952615e-01
7.165647772868834586e+00 9.999999999993167688e-01
7.173708119070037803e+00 9.999999999993951505e-01
7.181768465271239243e+00 9.999999999994735322e-01
7.189828811472441572e+00 9.999999999995520250e-01
7.197889157673643012e+00 9.999999999995520250e-01
7.205949503874846229e+00 9.999999999997086775e-01
7.214009850076049446e+00 9.999999999996302957e-01
7.222070196277250886e+00 9.999999999995519140e-01
7.230130542478454103e+00 9.999999999997870592e-01
7.238190888679655544e+00 9.999999999997870592e-01
7.246251234880856096e+00 9.999999999996304068e-01
7.254311581082059313e+00 9.999999999997086775e-01
7.262371927283262529e+00 9.999999999998654410e-01
7.270432273484465746e+00 9.999999999997086775e-01
7.278492619685667187e+00 9.999999999997869482e-01
7.286552965886868627e+00 9.999999999999437117e-01
7.294613312088071844e+00 9.999999999998654410e-01
7.302673658289273284e+00 9.999999999997871702e-01
7.310734004490475613e+00 9.999999999997870592e-01
7.318794350691678829e+00 9.999999999997870592e-01
7.326854696892881158e+00 9.999999999999438227e-01
7.334915043094083487e+00 1.000000000000100364e+00
7.342975389295284927e+00 9.999999999997870592e-01
7.351035735496488144e+00 9.999999999998654410e-01
7.359096081697689584e+00 9.999999999999438227e-01
7.367156427898891913e+00 9.999999999998654410e-01
7.375216774100095130e+00 9.999999999998654410e-01
7.383277120301297458e+00 9.999999999999438227e-01
7.391337466502500675e+00 1.000000000000100364e+00
7.399397812703701227e+00 9.999999999998654410e-01
7.407458158904902668e+00 9.999999999999438227e-01
7.415518505106105884e+00 9.999999999999438227e-01
7.423578851307308213e+00 9.999999999999438227e-01
7.431639197508510541e+00 1.000000000000100586e+00
7.439699543709712870e+00 9.999999999999437117e-01
7.447759889910916087e+00 9.999999999997870592e-01
7.455820236112117527e+00 9.999999999998653299e-01
7.463880582313318968e+00 1.000000000000100364e+00
7.471940928514522184e+00 1.000000000000022204e+00
7.480001274715723625e+00 1.000000000000022204e+00
7.488061620916925953e+00 9.999999999999438227e-01
7.496121967118129170e+00 9.999999999999438227e-01
7.504182313319331499e+00 1.000000000000022204e+00
7.512242659520533827e+00 9.999999999998654410e-01
7.520303005721735268e+00 1.000000000000022204e+00
7.528363351922938485e+00 1.000000000000022204e+00
7.536423698124139925e+00 1.000000000000022204e+00
7.544484044325342254e+00 1.000000000000100364e+00
7.552544390526545470e+00 9.999999999998654410e-01
7.560604736727746022e+00 9.999999999997870592e-01
7.568665082928949239e+00 1.000000000000022204e+00
7.576725429130151568e+00 1.000000000000178968e+00
7.584785775331353008e+00 1.000000000000178968e+00
7.592846121532555337e+00 9.999999999999438227e-01
7.600906467733758554e+00 9.999999999997870592e-01
7.608966813934960882e+00 1.000000000000022204e+00
7.617027160136162323e+00 1.000000000000100586e+00
7.625087506337365539e+00 9.999999999998654410e-01
7.633147852538567868e+00 9.999999999998654410e-01
7.641208198739769308e+00 1.000000000000021982e+00
7.649268544940971637e+00 1.000000000000100364e+00
7.657328891142174854e+00 1.000000000000100364e+00
7.665389237343375406e+00 9.999999999998654410e-01
7.673449583544578623e+00 9.999999999999438227e-01
7.681509929745781839e+00 1.000000000000100364e+00
7.689570275946983280e+00 1.000000000000021982e+00
7.697630622148185608e+00 9.999999999999437117e-01
7.705690968349387937e+00 9.999999999998654410e-01
7.713751314550589377e+00 1.000000000000100364e+00
7.721811660751791706e+00 1.000000000000178746e+00
7.729872006952994923e+00 9.999999999999437117e-01
7.737932353154196363e+00 9.999999999998654410e-01
7.745992699355399580e+00 9.999999999999437117e-01
7.754053045556601909e+00 1.000000000000021982e+00
7.762113391757804237e+00 1.000000000000021982e+00
7.770173737959005678e+00 1.000000000000100364e+00
7.778234084160208894e+00 1.000000000000022204e+00
7.786294430361411223e+00 9.999999999999437117e-01
7.794354776562612663e+00 1.000000000000021982e+00
7.802415122763815880e+00 9.999999999999437117e-01
7.810475468965018209e+00 1.000000000000100364e+00
7.818535815166220537e+00 1.000000000000022204e+00
7.826596161367421089e+00 9.999999999999438227e-01
7.834656507568625194e+00 1.000000000000022204e+00
7.842716853769826635e+00 9.999999999999437117e-01
7.850777199971028963e+00 9.999999999999437117e-01
7.858837546172233068e+00 9.999999999999437117e-01
7.866897892373433621e+00 1.000000000000178746e+00
7.874958238574636837e+00 1.000000000000022204e+00
7.883018584775837390e+00 9.999999999999438227e-01
7.891078930977041495e+00 9.999999999999438227e-01
7.899139277178242935e+00 9.999999999999438227e-01
7.907199623379445264e+00 1.000000000000100364e+00
7.915259969580647592e+00 1.000000000000021982e+00
7.923320315781849921e+00 1.000000000000100364e+00
7.931380661983053137e+00 9.999999999999438227e-01
7.939441008184253690e+00 9.999999999999438227e-01
7.947501354385456018e+00 9.999999999999439337e-01
7.955561700586658347e+00 9.999999999999438227e-01
7.963622046787861564e+00 1.000000000000022204e+00
7.971682392989063892e+00 1.000000000000022204e+00
7.979742739190266221e+00 1.000000000000022204e+00
7.987803085391468549e+00 9.999999999999437117e-01
7.995863431592669990e+00 1.000000000000100364e+00
8.003923777793872318e+00 1.000000000000022204e+00
8.011984123995073759e+00 1.000000000000022204e+00
8.020044470196278752e+00 9.999999999999438227e-01
8.028104816397480192e+00 9.999999999999438227e-01
8.036165162598681633e+00 1.000000000000178968e+00
8.044225508799884850e+00 9.999999999999438227e-01
8.052285855001084514e+00 9.999999999997870592e-01
8.060346201202289507e+00 1.000000000000022204e+00
