0.000000000000000000e+00 0.000000000000000000e+00
1.612069240240457738e-02 4.920919771475268080e-06
3.224138480480915475e-02 9.969963855913901231e-06
4.836207720721372866e-02 1.527858965607665001e-05
6.448276960961830950e-02 2.098500711475768962e-05
8.060346201202289729e-02 2.723777331010210757e-05
9.672415441442745732e-02 3.419965505037239964e-05
1.128448468168320451e-01 4.205185955106760509e-05
1.289655392192366190e-01 5.099874248927492614e-05
1.450862316216411929e-01 6.127311484380833977e-05
1.612069240240457946e-01 7.314228507729251367e-05
1.773276164264503130e-01 8.691499186068391914e-05
1.934483088288549146e-01 1.029494048654388833e-04
2.095690012312595163e-01 1.216623977853992803e-04
2.256896936336640902e-01 1.435403293238912887e-04
2.418103860360686364e-01 1.691516049645094572e-04
2.579310784384732380e-01 1.991613358328146819e-04
2.740517708408778397e-01 2.343484611225075823e-04
2.901724632432823858e-01 2.756257594090345082e-04
3.062931556456869320e-01 3.240632412726167713e-04
3.224138480480915891e-01 3.809154927864632275e-04
3.385345404504961353e-01 4.476536278799989749e-04
3.546552328529006259e-01 5.260026066634301270e-04
3.707759252553052831e-01 6.179847885484379428e-04
3.868966176577098293e-01 7.259707128472400479e-04
4.030173100601144309e-01 8.527382347514372764e-04
4.191380024625190326e-01 1.001541289368472433e-03
4.352586948649235232e-01 1.176189708241368341e-03
4.513793872673281804e-01 1.381141664833779618e-03
4.675000796697327266e-01 1.621610469467483009e-03
4.836207720721372727e-01 1.903687556540917345e-03
4.997414644745418744e-01 2.234483587289564418e-03
5.158621568769464760e-01 2.622289602213770908e-03
5.319828492793511332e-01 3.076760058017483611e-03
5.481035416817556793e-01 3.609119320933912734e-03
5.642242340841602255e-01 4.232392688428604673e-03
5.803449264865647717e-01 4.961662178328475614e-03
5.964656188889693178e-01 5.814346034712033345e-03
6.125863112913738640e-01 6.810498999246358300e-03
6.287070036937785211e-01 7.973127697040744560e-03
6.448276960961831783e-01 9.328511771794428115e-03
6.609483884985876134e-01 1.090651644201618212e-02
6.770690809009922706e-01 1.274087571364766747e-02
6.931897733033968168e-01 1.486941740495374351e-02
7.093104657058012519e-01 1.733419137944717733e-02
7.254311581082060201e-01 2.018145115447227828e-02
7.415518505106105662e-01 2.346142697786157347e-02
7.576725429130151124e-01 2.722781677945229975e-02
7.737932353154196585e-01 3.153691218491334880e-02
7.899139277178243157e-01 3.644627314002193280e-02
8.060346201202288619e-01 4.201287084838580682e-02
8.221553125226334080e-01 4.829063977587524231e-02
8.382760049250380652e-01 5.532742071497449843e-02
8.543966973274426113e-01 6.316134246326320090e-02
8.705173897298470465e-01 7.181678043859397731e-02
8.866380821322518146e-01 8.130014157412063236e-02
9.027587745346563608e-01 9.159584289435111770e-02
9.188794669370610180e-01 1.026629537592999575e-01
9.350001593394654531e-01 1.144330289479279089e-01
9.511208517418701103e-01 1.268096401457911304e-01
9.672415441442745454e-01 1.396699940519226524e-01
9.833622365466792026e-01 1.528688031509909673e-01
9.994829289490837487e-01 1.662442754117069987e-01
1.015603621351488295e+00 1.796257653949477340e-01
1.031724313753892952e+00 1.928423524060415284e-01
1.047845006156297609e+00 2.057314491702345038e-01
1.063965698558702266e+00 2.181465391364550421e-01
1.080086390961106924e+00 2.299632933449218819e-01
1.096207083363511359e+00 2.410835890718864560e-01
1.112327775765915794e+00 2.514372754455886927e-01
1.128448468168320451e+00 2.609818345012654972e-01
1.144569160570725108e+00 2.697003144966647614e-01
1.160689852973129543e+00 2.775980385719584165e-01
1.176810545375534200e+00 2.846986174342313047e-01
1.192931237777938636e+00 2.910397416765830303e-01
1.209051930180343293e+00 2.966691287792672105e-01
1.225172622582747728e+00 3.016408820420769521e-01
1.241293314985152607e+00 3.060124067527533742e-01
1.257414007387557042e+00 3.098419366223438276e-01
1.273534699789961699e+00 3.131866563413757687e-01
1.289655392192366357e+00 3.161013634462153110e-01
1.305776084594770792e+00 3.186375905428123212e-01
1.321896776997175227e+00 3.208431020487664820e-01
1.338017469399579884e+00 3.227616828422713580e-01
1.354138161801984541e+00 3.244331452698643870e-01
1.370258854204389420e+00 3.258934926743761729e-01
1.386379546606793634e+00 3.271751898234322442e-01
1.402500239009198069e+00 3.283075020630422669e-01
1.418620931411602504e+00 3.293168750311449289e-01
1.434741623814007383e+00 3.302273351082953834e-01
1.450862316216412040e+00 3.310608974736246046e-01
1.466983008618816697e+00 3.318379738328042228e-01
1.483103701021221132e+00 3.325777757959307857e-01
1.499224393423625568e+00 3.332987127248534520e-01
1.515345085826030225e+00 3.340187848298901696e-01
1.531465778228434882e+00 3.347559735251667279e-01
1.547586470630839317e+00 3.355286316544366931e-01
1.563707163033244196e+00 3.363558762256148027e-01
1.579827855435648631e+00 3.372579857485583088e-01
1.595948547838053289e+00 3.382568031049706381e-01
1.612069240240457724e+00 3.393761429955771680e-01
1.628189932642862603e+00 3.406422002621666278e-01
1.644310625045266816e+00 3.420839515819616428e-01
1.660431317447671473e+00 3.437335379697550319e-01
1.676552009850076130e+00 3.456266089828791688e-01
1.692672702252480788e+00 3.478026013471177125e-01
1.708793394654885223e+00 3.503049148669173385e-01
1.724914087057289658e+00 3.531809371577582235e-01
1.741034779459694093e+00 3.564818565514792370e-01
1.757155471862098972e+00 3.602621906865329238e-01
1.773276164264503629e+00 3.645789488569387005e-01
1.789396856666908064e+00 3.694903422301067386e-01
1.805517549069312722e+00 3.750539617369638146e-01
1.821638241471717157e+00 3.813243638683165293e-01
1.837758933874122036e+00 3.883500450808194393e-01
1.853879626276526471e+00 3.961698502222612550e-01
1.870000318678930906e+00 4.048089503527196875e-01
1.886121011081335563e+00 4.142746358361479864e-01
1.902241703483740221e+00 4.245522886746301849e-01
1.918362395886144656e+00 4.356020015312807026e-01
1.934483088288549091e+00 4.473563699721011533e-01
1.950603780690953970e+00 4.597199676730108209e-01
1.966724473093358405e+00 4.725708982930684199e-01
1.982845165495763284e+00 4.857645985458284299e-01
1.998965857898167497e+00 4.991397689620754030e-01
2.015086550300572377e+00 5.125259847678945713e-01
2.031207242702976590e+00 5.257522598526611635e-01
2.047327935105381247e+00 5.386556701954060555e-01
2.063448627507785904e+00 5.510891325435333110e-01
2.079569319910190561e+00 5.629275823906984000e-01
2.095690012312595218e+00 5.740720637717260377e-01
2.111810704714999432e+00 5.844515658652220669e-01
2.127931397117404533e+00 5.940227462560279115e-01
2.144052089519808746e+00 6.027679119947754183e-01
2.160172781922213847e+00 6.106917591831959591e-01
2.176293474324618504e+00 6.178174003236577283e-01
2.192414166727022717e+00 6.241821576209953815e-01
2.208534859129427819e+00 6.298335008699633697e-01
2.224655551531831588e+00 6.348253909057423039e-01
2.240776243934236245e+00 6.392151772052211411e-01
2.256896936336640902e+00 6.430611052108842207e-01
2.273017628739045115e+00 6.464204209642991916e-01
2.289138321141450216e+00 6.493480172477801293e-01
2.305259013543854429e+00 6.518955427220423093e-01
2.321379705946259087e+00 6.541108882605587427e-01
2.337500398348663744e+00 6.560379676618196543e-01
2.353621090751068401e+00 6.577167188535159026e-01
2.369741783153473058e+00 6.591832633662646490e-01
2.385862475555877271e+00 6.604701740807863430e-01
2.401983167958282372e+00 6.616068127332553894e-01
2.418103860360686586e+00 6.626197087246171735e-01
2.434224552763091243e+00 6.635329591742422650e-01
2.450345245165495456e+00 6.643686369003822811e-01
2.466465937567900113e+00 6.651471982511788505e-01
2.482586629970305214e+00 6.658878866589561518e-01
2.498707322372709871e+00 6.666091306624805091e-01
2.514828014775114085e+00 6.673289371273184445e-01
2.530948707177518742e+00 6.680652816451716491e-01
2.547069399579923399e+00 6.688364987137024320e-01
2.563190091982328056e+00 6.696616743437823205e-01
2.579310784384732713e+00 6.705610432142095068e-01
2.595431476787137370e+00 6.715563913503568294e-01
2.611552169189541583e+00 6.726714634442090279e-01
2.627672861591946241e+00 6.739323712148465040e-01
2.643793553994350454e+00 6.753679954454956391e-01
2.659914246396755555e+00 6.770103693144264856e-01
2.676034938799159768e+00 6.788950241466902291e-01
2.692155631201564869e+00 6.810612705890732865e-01
2.708276323603969082e+00 6.835523784088137766e-01
2.724397016006373740e+00 6.864156068302034175e-01
2.740517708408778841e+00 6.897020251481476016e-01
2.756638400811183498e+00 6.934660514817858612e-01
2.772759093213587267e+00 6.977646279740191693e-01
2.788879785615991924e+00 7.026559465465672671e-01
2.805000478018396137e+00 7.081976446314787177e-01
2.821121170420801239e+00 7.144444101770507372e-01
2.837241862823205008e+00 7.214449749843425685e-01
2.853362555225610109e+00 7.292385393253886239e-01
2.869483247628014766e+00 7.378507599923199711e-01
2.885603940030419423e+00 7.472895439212710045e-01
2.901724632432824080e+00 7.575410076834931949e-01
2.917845324835228293e+00 7.685660675022116806e-01
2.933966017237633395e+00 7.802981854435625531e-01
2.950086709640038052e+00 7.926427834902117775e-01
2.966207402042442265e+00 8.054787245042087651e-01
2.982328094444846922e+00 8.186620429805261390e-01
2.998448786847251135e+00 8.320318122804051253e-01
3.014569479249655792e+00 8.454177107485922882e-01
3.030690171652060450e+00 8.586485671218625493e-01
3.046810864054465107e+00 8.715609945872396791e-01
3.062931556456869764e+00 8.840072070282224415e-01
3.079052248859274865e+00 8.958612545912972847e-01
3.095172941261678634e+00 9.070231812713009933e-01
3.111293633664083735e+00 9.174209290922150650e-01
3.127414326066488393e+00 9.270101198588940328e-01
3.143535018468893494e+00 9.357720796571998845e-01
3.159655710871297263e+00 9.437106042156323538e-01
3.175776403273701920e+00 9.508479946968555474e-01
3.191897095676106577e+00 9.572208444841923125e-01
3.208017788078510790e+00 9.628759589950044440e-01
3.224138480480915447e+00 9.678666730339433588e-01
3.240259172883320105e+00 9.722497173376195567e-01
3.256379865285725206e+00 9.760826921592808958e-01
3.272500557688129863e+00 9.794221368927904514e-01
3.288621250090533632e+00 9.823221405557350794e-01
3.304741942492937845e+00 9.848334145919477312e-01
3.320862634895342946e+00 9.870027416839858292e-01
3.336983327297747604e+00 9.888727169051416688e-01
3.353104019700152261e+00 9.904817062379431825e-01
3.369224712102556474e+00 9.918639589935543954e-01
3.385345404504961575e+00 9.930498227753807861e-01
3.401466096907365788e+00 9.940660210122511664e-01
3.417586789309770445e+00 9.949359630550118627e-01
3.433707481712175102e+00 9.956800651281908499e-01
3.449828174114579316e+00 9.963160670661328489e-01
3.465948866516984417e+00 9.968593349063719078e-01
3.482069558919388186e+00 9.973231432730882418e-01
3.498190251321793731e+00 9.977189343003077804e-01
3.514310943724197944e+00 9.980565518385023926e-01
3.530431636126602601e+00 9.983444510452477161e-01
3.546552328529007259e+00 9.985898843462662766e-01
3.562673020931411472e+00 9.987990652883900200e-01
3.578793713333816129e+00 9.989773120965260711e-01
3.594914405736220786e+00 9.991291728619715595e-01
3.611035098138625443e+00 9.992585342912596591e-01
3.627155790541029656e+00 9.993687158706555662e-01
3.643276482943434313e+00 9.994625511836188192e-01
3.659397175345839415e+00 9.995424579762104411e-01
3.675517867748244072e+00 9.996104984132310189e-01
3.691638560150648729e+00 9.996684308161019050e-01
3.707759252553052942e+00 9.997177540269617246e-01
3.723879944955458043e+00 9.997597454077158385e-01
3.740000637357861812e+00 9.997954933545498690e-01
3.756121329760266914e+00 9.998259250984395941e-01
3.772242022162671127e+00 9.998518304583117189e-01
3.788362714565075784e+00 9.998738821239052665e-01
3.804483406967480441e+00 9.998926529671166019e-01
3.820604099369884654e+00 9.999086308112792310e-01
3.836724791772289311e+00 9.999222310264783697e-01
3.852845484174693969e+00 9.999338072683039425e-01
3.868966176577098182e+00 9.999436606312648301e-01
3.885086868979502839e+00 9.999520474483934995e-01
3.901207561381907940e+00 9.999591859374878933e-01
3.917328253784312597e+00 9.999652618622903999e-01
3.933448946186716810e+00 9.999704333547295709e-01
3.949569638589121467e+00 9.999748350218149451e-01
3.965690330991526569e+00 9.999785814432204933e-01
3.981811023393930782e+00 9.999817701491484634e-01
3.997931715796334995e+00 9.999844841559728525e-01
4.014052408198740096e+00 9.999867941255730086e-01
4.030173100601144753e+00 9.999887602029701172e-01
4.046293793003549411e+00 9.999904335811569123e-01
4.062414485405953180e+00 9.999918578333675256e-01
4.078535177808358725e+00 9.999930700468413480e-01
4.094655870210762494e+00 9.999941017880229488e-01
4.110776562613167151e+00 9.999949799244263193e-01
4.126897255015571808e+00 9.999957273240105415e-01
4.143017947417976465e+00 9.999963634503735710e-01
4.159138639820381123e+00 9.999969048695864782e-01
4.175259332222785780e+00 9.999973656815261958e-01
4.191380024625190437e+00 9.999977578868999295e-01
4.207500717027595094e+00 9.999980916998791880e-01
4.223621409429998863e+00 9.999983758139537882e-01
4.239742101832403520e+00 9.999986176283389705e-01
4.255862794234809066e+00 9.999988234407497512e-01
4.271983486637212835e+00 9.999989986111605944e-01
4.288104179039617492e+00 9.999991477015710561e-01
4.304224871442022149e+00 9.999992745949685125e-01
4.320345563844427694e+00 9.999993825960282745e-01
4.336466256246831463e+00 9.999994745174590749e-01
4.352586948649237009e+00 9.999995527533462880e-01
4.368707641051640778e+00 9.999996193411820888e-01
4.384828333454045435e+00 9.999996760151245168e-01
4.400949025856450092e+00 9.999997242512641549e-01
4.417069718258855637e+00 9.999997653058676494e-01
4.433190410661258518e+00 9.999998002480532389e-01
4.449311103063663175e+00 9.999998299879262476e-01
4.465431795466068721e+00 9.999998552999973533e-01
4.481552487868472490e+00 9.999998768435034435e-01
4.497673180270878035e+00 9.999998951795230351e-01
4.513793872673281804e+00 9.999999107856535341e-01
4.529914565075687349e+00 9.999999240682357904e-01
4.546035257478090230e+00 9.999999353732255125e-01
4.562155949880494887e+00 9.999999449951418873e-01
4.578276642282900433e+00 9.999999531844712131e-01
4.594397334685304202e+00 9.999999601546017969e-01
4.610518027087708859e+00 9.999999660869527407e-01
4.626638719490113516e+00 9.999999711360265664e-01
4.642759411892518173e+00 9.999999754334060187e-01
4.658880104294922830e+00 9.999999790910012454e-01
4.675000796697327488e+00 9.999999822040025466e-01
4.691121489099731257e+00 9.999999848535551239e-01
4.707242181502136802e+00 9.999999871086380221e-01
4.723362873904540571e+00 9.999999890279318571e-01
4.739483566306946116e+00 9.999999906614929213e-01
4.755604258709349885e+00 9.999999920518399810e-01
4.771724951111754542e+00 9.999999932352190424e-01
4.787845643514159200e+00 9.999999942423803967e-01
4.803966335916564745e+00 9.999999950995936970e-01
4.820087028318967626e+00 9.999999958291763136e-01
4.836207720721373171e+00 9.999999964501544714e-01
4.852328413123777828e+00 9.999999969786896870e-01
4.868449105526182485e+00 9.999999974285045390e-01
4.884569797928587143e+00 9.999999978113526256e-01
4.900690490330990912e+00 9.999999981371803237e-01
4.916811182733397345e+00 9.999999984145533372e-01
4.932931875135800226e+00 9.999999986505974103e-01
4.949052567538204883e+00 9.999999988515125837e-01
4.965173259940610428e+00 9.999999990224998081e-01
4.981293952343015086e+00 9.999999991680107447e-01
4.997414644745419743e+00 9.999999992919095249e-01
5.013535337147823512e+00 9.999999993973257562e-01
5.029656029550228169e+00 9.999999994870508724e-01
5.045776721952632826e+00 9.999999995634205607e-01
5.061897414355037483e+00 9.999999996284478776e-01
5.078018106757441252e+00 9.999999996837197758e-01
5.094138799159846798e+00 9.999999997307935651e-01
5.110259491562250567e+00 9.999999997709324573e-01
5.126380183964656112e+00 9.999999998050476124e-01
5.142500876367060769e+00 9.999999998340498575e-01
5.158621568769465426e+00 9.999999998587325578e-01
5.174742261171870084e+00 9.999999998797717282e-01
5.190862953574274741e+00 9.999999998976667470e-01
5.206983645976678510e+00 9.999999999129466355e-01
5.223104338379083167e+00 9.999999999258757377e-01
5.239225030781487824e+00 9.999999999368656134e-01
5.255345723183892481e+00 9.999999999463273781e-01
5.271466415586297138e+00 9.999999999543491835e-01
5.287587107988700907e+00 9.999999999610780232e-01
5.303707800391106453e+00 9.999999999668374162e-01
5.319828492793511110e+00 9.999999999718327537e-01
5.335949185195914879e+00 9.999999999760642577e-01
5.352069877598319536e+00 9.999999999796197470e-01
5.368190570000725081e+00 9.999999999826462149e-01
5.384311262403129739e+00 9.999999999851731936e-01
5.400431954805533508e+00 9.999999999873475653e-01
5.416552647207938165e+00 9.999999999893164349e-01
5.432673339610343710e+00 9.999999999909325865e-01
5.448794032012747479e+00 9.999999999922548621e-01
5.464914724415151248e+00 9.999999999933422146e-01
5.481035416817557682e+00 9.999999999943413043e-01
5.497156109219961451e+00 9.999999999952521312e-01
5.513276801622366996e+00 9.999999999959572339e-01
5.529397494024770765e+00 9.999999999965154540e-01
5.545518186427174534e+00 9.999999999970444753e-01
5.561638878829579191e+00 9.999999999975441867e-01
5.577759571231983848e+00 9.999999999978085308e-01
5.593880263634388506e+00 9.999999999981318277e-01
5.610000956036792275e+00 9.999999999984844345e-01
5.626121648439196932e+00 9.999999999987193577e-01
5.642242340841602477e+00 9.999999999988955501e-01
5.658363033244006246e+00 9.999999999990425437e-01
5.674483725646410015e+00 9.999999999991896482e-01
5.690604418048816449e+00 9.999999999993072208e-01
5.706725110451220218e+00 9.999999999993951505e-01
5.722845802853623987e+00 9.999999999994834132e-01
5.738966495256029532e+00 9.999999999995717870e-01
5.755087187658434189e+00 9.999999999996304068e-01
5.771207880060838846e+00 9.999999999997184474e-01
5.787328572463242615e+00 9.999999999997477573e-01
5.803449264865648161e+00 9.999999999998065991e-01
5.819569957268052818e+00 9.999999999997772893e-01
5.835690649670456587e+00 9.999999999997771782e-01
5.851811342072861244e+00 9.999999999998949729e-01
5.867932034475266789e+00 9.999999999998949729e-01
5.884052726877670558e+00 9.999999999998654410e-01
5.900173419280076104e+00 9.999999999999242828e-01
5.916294111682479873e+00 9.999999999999538147e-01
5.932414804084884530e+00 9.999999999999830136e-01
5.948535496487289187e+00 1.000000000000012434e+00
5.964656188889693844e+00 9.999999999998949729e-01
5.980776881292097613e+00 9.999999999998948619e-01
5.996897573694502270e+00 9.999999999999831246e-01
6.013018266096906927e+00 9.999999999999831246e-01
6.029138958499311585e+00 9.999999999999831246e-01
6.045259650901717130e+00 1.000000000000012434e+00
6.061380343304120899e+00 9.999999999999535927e-01
6.077501035706526444e+00 9.999999999999242828e-01
6.093621728108930213e+00 1.000000000000012434e+00
6.109742420511335759e+00 1.000000000000041744e+00
6.125863112913739528e+00 1.000000000000012434e+00
6.141983805316144185e+00 1.000000000000012434e+00
6.158104497718549730e+00 1.000000000000012434e+00
6.174225190120952611e+00 9.999999999998949729e-01
6.190345882523357268e+00 9.999999999999241718e-01
6.206466574925762814e+00 1.000000000000041744e+00
6.222587267328167471e+00 1.000000000000041744e+00
6.238707959730570352e+00 1.000000000000012434e+00
6.254828652132976785e+00 9.999999999999242828e-01
6.270949344535380554e+00 9.999999999999535927e-01
6.287070036937786988e+00 1.000000000000100364e+00
6.303190729340188980e+00 1.000000000000041744e+00
6.319311421742594526e+00 9.999999999999537037e-01
6.335432114145000071e+00 1.000000000000012434e+00
6.351552806547403840e+00 1.000000000000012434e+00
6.367673498949808497e+00 9.999999999999831246e-01
6.383794191352213154e+00 1.000000000000012434e+00
6.399914883754617811e+00 9.999999999999831246e-01
6.416035576157021580e+00 9.999999999999538147e-01
6.432156268559427126e+00 1.000000000000012434e+00
6.448276960961830895e+00 1.000000000000041744e+00
6.464397653364237328e+00 1.000000000000012434e+00
6.480518345766640209e+00 9.999999999999831246e-01
6.496639038169044866e+00 1.000000000000012434e+00
6.512759730571450412e+00 1.000000000000041744e+00
6.528880422973855069e+00 1.000000000000041744e+00
6.545001115376259726e+00 9.999999999999242828e-01
6.561121807778661719e+00 9.999999999999241718e-01
6.577242500181067264e+00 1.000000000000041744e+00
6.593363192583471921e+00 1.000000000000012434e+00
6.609483884985875690e+00 9.999999999999538147e-01
6.625604577388281236e+00 1.000000000000041744e+00
6.641725269790685893e+00 1.000000000000041744e+00
6.657845962193090550e+00 9.999999999999537037e-01
6.673966654595495207e+00 1.000000000000012434e+00
6.690087346997898976e+00 1.000000000000012434e+00
6.706208039400304521e+00 1.000000000000012434e+00
6.722328731802708290e+00 1.000000000000012434e+00
6.738449424205112948e+00 9.999999999999538147e-01
6.754570116607518493e+00 9.999999999999538147e-01
6.770690809009923150e+00 1.000000000000012434e+00
6.786811501412326031e+00 1.000000000000012434e+00
6.802932193814731576e+00 1.000000000000041744e+00
6.819052886217137122e+00 1.000000000000071276e+00
6.835173578619540891e+00 9.999999999999242828e-01
6.851294271021945548e+00 9.999999999999242828e-01
6.867414963424350205e+00 1.000000000000041744e+00
6.883535655826754862e+00 1.000000000000041744e+00
6.899656348229158631e+00 9.999999999999831246e-01
6.915777040631563288e+00 9.999999999999830136e-01
6.931897733033968834e+00 1.000000000000012434e+00
6.948018425436371714e+00 1.000000000000012434e+00
6.964139117838776372e+00 1.000000000000041744e+00
6.980259810241181917e+00 9.999999999999831246e-01
6.996380502643587462e+00 9.999999999999830136e-01
7.012501195045991231e+00 1.000000000000012434e+00
7.028621887448395888e+00 9.999999999999831246e-01
7.044742579850800546e+00 9.999999999999831246e-01
7.060863272253205203e+00 1.000000000000012434e+00
7.076983964655608972e+00 9.999999999999831246e-01
7.093104657058014517e+00 9.999999999999830136e-01
7.109225349460420063e+00 1.000000000000041744e+00
7.125346041862822943e+00 9.999999999999831246e-01
7.141466734265228489e+00 9.999999999999831246e-01
7.157587426667632258e+00 1.000000000000041744e+00
7.173708119070037803e+00 1.000000000000041744e+00
7.189828811472441572e+00 1.000000000000012434e+00
7.205949503874846229e+00 9.999999999999538147e-01
7.222070196277250886e+00 9.999999999999537037e-01
7.238190888679655544e+00 1.000000000000012434e+00
7.254311581082059313e+00 1.000000000000012434e+00
7.270432273484465746e+00 9.999999999999831246e-01
7.286552965886868627e+00 1.000000000000012434e+00
7.302673658289273284e+00 1.000000000000041744e+00
7.318794350691678829e+00 9.999999999999831246e-01
7.334915043094083487e+00 9.999999999999537037e-01
7.351035735496488144e+00 1.000000000000012434e+00
7.367156427898891913e+00 1.000000000000041744e+00
7.383277120301297458e+00 1.000000000000012434e+00
7.399397812703701227e+00 1.000000000000012434e+00
7.415518505106105884e+00 9.999999999999535927e-01
7.431639197508510541e+00 9.999999999999242828e-01
7.447759889910916087e+00 1.000000000000012434e+00
7.463880582313318968e+00 1.000000000000041744e+00
7.480001274715723625e+00 1.000000000000041744e+00
7.496121967118129170e+00 1.000000000000012434e+00
7.512242659520533827e+00 9.999999999999831246e-01
7.528363351922938485e+00 1.000000000000012434e+00
7.544484044325342254e+00 1.000000000000041744e+00
7.560604736727746022e+00 9.999999999999535927e-01
7.576725429130151568e+00 9.999999999999535927e-01
7.592846121532555337e+00 1.000000000000041744e+00
7.608966813934960882e+00 1.000000000000012434e+00
7.625087506337365539e+00 9.999999999999242828e-01
7.641208198739769308e+00 9.999999999999535927e-01
7.657328891142174854e+00 1.000000000000100364e+00
7.673449583544578623e+00 1.000000000000041744e+00
7.689570275946983280e+00 9.999999999999830136e-01
7.705690968349387937e+00 9.999999999999831246e-01
7.721811660751791706e+00 9.999999999999830136e-01
7.737932353154196363e+00 1.000000000000012434e+00
7.754053045556601909e+00 1.000000000000012434e+00
7.770173737959005678e+00 9.999999999999831246e-01
7.786294430361411223e+00 9.999999999999831246e-01
7.802415122763815880e+00 9.999999999999831246e-01
7.818535815166220537e+00 9.999999999999830136e-01
7.834656507568625194e+00 1.000000000000071054e+00
7.850777199971028963e+00 1.000000000000012434e+00
7.866897892373433621e+00 9.999999999999831246e-01
7.883018584775837390e+00 1.000000000000041744e+00
7.899139277178242935e+00 9.999999999999831246e-01
7.915259969580647592e+00 9.999999999999243938e-01
7.931380661983053137e+00 9.999999999999830136e-01
7.947501354385456018e+00 1.000000000000041744e+00
7.963622046787861564e+00 1.000000000000041744e+00
7.979742739190266221e+00 1.000000000000012434e+00
7.995863431592669990e+00 9.999999999999538147e-01
8.011984123995073759e+00 9.999999999999831246e-01
8.028104816397480192e+00 1.000000000000041744e+00
8.044225508799884850e+00 1.000000000000012434e+00
8.060346201202289507e+00 9.999999999999831246e-01
8.076466893604692387e+00 1.000000000000012434e+00
8.092587586007098821e+00 9.999999999999535927e-01
8.108708278409501702e+00 9.999999999999535927e-01
8.124828970811906359e+00 1.000000000000041744e+00
8.140949663214312793e+00 1.000000000000012434e+00
8.157070355616717450e+00 9.999999999999831246e-01
8.173191048019122107e+00 1.000000000000041744e+00
8.189311740421524988e+00 1.000000000000041966e+00
8.205432432823929645e+00 9.999999999999831246e-01
8.221553125226334302e+00 9.999999999999538147e-01
8.237673817628738959e+00 9.999999999999830136e-01
8.253794510031143616e+00 1.000000000000041744e+00
8.269915202433550050e+00 1.000000000000012434e+00
8.286035894835952931e+00 9.999999999999538147e-01
8.302156587238357588e+00 9.999999999999831246e-01
8.318277279640762245e+00 1.000000000000041744e+00
8.334397972043166902e+00 9.999999999999831246e-01
8.350518664445571559e+00 9.999999999999831246e-01
8.366639356847976217e+00 1.000000000000041744e+00
8.382760049250380874e+00 1.000000000000012434e+00
8.398880741652785531e+00 9.999999999999831246e-01
8.415001434055190188e+00 1.000000000000012434e+00
8.431122126457594845e+00 1.000000000000012434e+00
8.447242818859997726e+00 9.999999999999538147e-01
8.463363511262404160e+00 9.999999999999830136e-01
8.479484203664807040e+00 1.000000000000012434e+00
8.495604896067213474e+00 9.999999999999831246e-01
8.511725588469618131e+00 1.000000000000012434e+00
8.527846280872022788e+00 1.000000000000041744e+00
8.543966973274425669e+00 1.000000000000041744e+00
8.560087665676830326e+00 1.000000000000012434e+00
8.576208358079234984e+00 9.999999999999242828e-01
8.592329050481641417e+00 9.999999999999535927e-01
8.608449742884044298e+00 1.000000000000041744e+00
8.624570435286448955e+00 1.000000000000041744e+00
8.640691127688855389e+00 9.999999999999831246e-01
8.656811820091258269e+00 9.999999999999830136e-01
8.672932512493662927e+00 9.999999999999831246e-01
8.689053204896067584e+00 9.999999999999831246e-01
8.705173897298474017e+00 1.000000000000041744e+00
8.721294589700876898e+00 1.000000000000012434e+00
8.737415282103281555e+00 1.000000000000012434e+00
8.753535974505687989e+00 1.000000000000012434e+00
8.769656666908090870e+00 9.999999999999831246e-01
8.785777359310495527e+00 9.999999999999538147e-01
8.801898051712900184e+00 9.999999999999831246e-01
8.818018744115304841e+00 1.000000000000012434e+00
8.834139436517711275e+00 1.000000000000012434e+00
8.850260128920114155e+00 1.000000000000012434e+00
8.866380821322517036e+00 9.999999999999831246e-01
8.882501513724923470e+00 1.000000000000012434e+00
8.898622206127326351e+00 1.000000000000041744e+00
8.914742898529731008e+00 1.000000000000041744e+00
8.930863590932137441e+00 9.999999999999535927e-01
8.946984283334543875e+00 9.999999999999535927e-01
8.963104975736944979e+00 1.000000000000012434e+00
8.979225668139349636e+00 1.000000000000012434e+00
8.995346360541756070e+00 1.000000000000012434e+00
9.011467052944160727e+00 9.999999999999538147e-01
9.027587745346563608e+00 9.999999999999830136e-01
9.043708437748968265e+00 1.000000000000100364e+00
9.059829130151374699e+00 1.000000000000012434e+00
9.075949822553774027e+00 9.999999999999242828e-01
9.092070514956180460e+00 1.000000000000012434e+00
9.108191207358585118e+00 1.000000000000012434e+00
9.124311899760989775e+00 1.000000000000012434e+00
9.140432592163394432e+00 9.999999999999831246e-01
9.156553284565800865e+00 9.999999999999538147e-01
9.172673976968205523e+00 9.999999999999831246e-01
9.188794669370608403e+00 1.000000000000012434e+00
9.204915361773013061e+00 1.000000000000071054e+00
9.221036054175417718e+00 1.000000000000041744e+00
9.237156746577822375e+00 9.999999999999831246e-01
9.253277438980227032e+00 9.999999999999538147e-01
9.269398131382631689e+00 1.000000000000012434e+00
9.285518823785036346e+00 9.999999999999830136e-01
9.301639516187441004e+00 9.999999999999242828e-01
9.317760208589845661e+00 1.000000000000041744e+00
9.333880900992248542e+00 1.000000000000041966e+00
9.350001593394654975e+00 9.999999999999831246e-01
9.366122285797059632e+00 9.999999999999242828e-01
9.382242978199462513e+00 1.000000000000041744e+00
9.398363670601867170e+00 1.000000000000100586e+00
9.414484363004273604e+00 9.999999999999831246e-01
9.430605055406676485e+00 9.999999999999831246e-01
9.446725747809081142e+00 9.999999999999831246e-01
9.462846440211485799e+00 9.999999999999831246e-01
9.478967132613892232e+00 9.999999999999831246e-01
9.495087825016295113e+00 1.000000000000041744e+00
9.511208517418699770e+00 9.999999999999830136e-01
9.527329209821106204e+00 9.999999999999242828e-01
9.543449902223509085e+00 9.999999999999831246e-01
9.559570594625913742e+00 1.000000000000041744e+00
9.575691287028318399e+00 1.000000000000041744e+00
9.591811979430723056e+00 9.999999999999831246e-01
9.607932671833129490e+00 1.000000000000041744e+00
9.624053364235532371e+00 1.000000000000041744e+00
9.640174056637935252e+00 9.999999999999831246e-01
9.656294749040341685e+00 9.999999999999242828e-01
9.672415441442746342e+00 9.999999999999830136e-01
9.688536133845150999e+00 1.000000000000041744e+00
9.704656826247555657e+00 9.999999999999831246e-01
9.720777518649962090e+00 1.000000000000041744e+00
9.736898211052364971e+00 9.999999999999830136e-01
9.753018903454767852e+00 9.999999999999830136e-01
9.769139595857174285e+00 1.000000000000041744e+00
9.785260288259578942e+00 9.999999999999831246e-01
9.801380980661981823e+00 9.999999999999831246e-01
9.817501673064388257e+00 9.999999999999831246e-01
9.833622365466794690e+00 1.000000000000041744e+00
9.849743057869195795e+00 1.000000000000041966e+00
9.865863750271600452e+00 9.999999999999831246e-01
9.881984442674006885e+00 9.999999999999242828e-01
9.898105135076409766e+00 9.999999999999830136e-01
9.914225827478814423e+00 1.000000000000100586e+00
9.930346519881220857e+00 1.000000000000041744e+00
9.946467212283623738e+00 9.999999999999242828e-01
9.962587904686030171e+00 9.999999999999242828e-01
9.978708597088433052e+00 1.000000000000041744e+00
9.994829289490839486e+00 1.000000000000041744e+00
1.001094998189324237e+01 9.999999999999831246e-01
1.002707067429564702e+01 1.000000000000041744e+00
1.004319136669805168e+01 9.999999999999830136e-01
1.005931205910045634e+01 9.999999999999830136e-01
1.007543275150286277e+01 1.000000000000041744e+00
1.009155344390526565e+01 9.999999999999242828e-01
1.010767413630766853e+01 9.999999999999830136e-01
1.012379482871007497e+01 1.000000000000041744e+00
1.013991552111247962e+01 1.000000000000041744e+00
1.015603621351488250e+01 9.999999999999830136e-01
1.017215690591728894e+01 9.999999999999242828e-01
1.018827759831969360e+01 9.999999999999831246e-01
1.020439829072209825e+01 1.000000000000041744e+00
1.022051898312450113e+01 1.000000000000041966e+00
1.023663967552690757e+01 9.999999999999831246e-01
1.025276036792931222e+01 1.000000000000041744e+00
1.026888106033171510e+01 1.000000000000041966e+00
1.028500175273412154e+01 9.999999999999242828e-01
1.030112244513652620e+01 9.999999999999830136e-01
1.031724313753893085e+01 9.999999999999830136e-01
1.033336382994133373e+01 9.999999999999830136e-01
1.034948452234374017e+01 1.000000000000041744e+00
1.036560521474614305e+01 9.999999999999831246e-01
1.038172590714854948e+01 1.000000000000041744e+00
1.039784659955095414e+01 9.999999999999830136e-01
1.041396729195335702e+01 9.999999999999830136e-01
1.043008798435576168e+01 1.000000000000100586e+00
1.044620867675816633e+01 1.000000000000041744e+00
1.046232936916056921e+01 9.999999999999242828e-01
1.047845006156297565e+01 9.999999999999242828e-01
1.049457075396538208e+01 9.999999999999831246e-01
1.051069144636778496e+01 9.999999999999242828e-01
1.052681213877018962e+01 1.000000000000041744e+00
1.054293283117259428e+01 1.000000000000041744e+00
1.055905352357500071e+01 1.000000000000041744e+00
1.057517421597740181e+01 1.000000000000041744e+00
1.059129490837980825e+01 9.999999999999242828e-01
1.060741560078221291e+01 1.000000000000100586e+00
1.062353629318461579e+01 9.999999999999829026e-01
1.063965698558702222e+01 9.999999999998654410e-01
1.065577767798942688e+01 1.000000000000041744e+00
1.067189837039182976e+01 9.999999999999830136e-01
1.068801906279423442e+01 1.000000000000041744e+00
1.070413975519663907e+01 1.000000000000041744e+00
1.072026044759904551e+01 9.999999999999830136e-01
1.073638114000145016e+01 1.000000000000041966e+00
1.075250183240385482e+01 1.000000000000041744e+00
1.076862252480625948e+01 9.999999999999241718e-01
1.078474321720866236e+01 9.999999999998654410e-01
1.080086390961106702e+01 1.000000000000041744e+00
1.081698460201347167e+01 9.999999999999830136e-01
1.083310529441587633e+01 1.000000000000041744e+00
1.084922598681828276e+01 1.000000000000100586e+00
1.086534667922068742e+01 1.000000000000041744e+00
1.088146737162309030e+01 1.000000000000041966e+00
1.089758806402549496e+01 9.999999999999242828e-01
1.091370875642790139e+01 9.999999999999830136e-01
1.092982944883030250e+01 9.999999999999830136e-01
1.094595014123270893e+01 9.999999999998654410e-01
1.096207083363511536e+01 1.000000000000041744e+00
1.097819152603751647e+01 1.000000000000041744e+00
1.099431221843992290e+01 9.999999999999830136e-01
1.101043291084232756e+01 1.000000000000041744e+00
1.102655360324473399e+01 1.000000000000041744e+00
1.104267429564713510e+01 1.000000000000041966e+00
1.105879498804954153e+01 9.999999999998654410e-01
1.107491568045194619e+01 9.999999999999241718e-01
1.109103637285434907e+01 1.000000000000041966e+00
1.110715706525675195e+01 1.000000000000041744e+00
1.112327775765915838e+01 9.999999999999830136e-01
1.113939845006156304e+01 1.000000000000041744e+00
1.115551914246396770e+01 1.000000000000041744e+00
1.117163983486637235e+01 9.999999999998654410e-01
1.118776052726877701e+01 1.000000000000041744e+00
1.120388121967118167e+01 1.000000000000041744e+00
1.122000191207358455e+01 1.000000000000041744e+00
1.123612260447599098e+01 1.000000000000041744e+00
1.125224329687839386e+01 9.999999999999242828e-01
1.126836398928080030e+01 1.000000000000041744e+00
1.128448468168320495e+01 1.000000000000041744e+00
1.130060537408560783e+01 9.999999999999831246e-01
1.131672606648801249e+01 1.000000000000041744e+00
1.133284675889041893e+01 1.000000000000041744e+00
1.134896745129282003e+01 9.999999999998654410e-01
1.136508814369522646e+01 9.999999999999241718e-01
1.138120883609763290e+01 1.000000000000041744e+00
1.139732952850003400e+01 1.000000000000041744e+00
1.141345022090244044e+01 1.000000000000041744e+00
1.142957091330484509e+01 9.999999999999242828e-01
1.144569160570724797e+01 9.999999999999830136e-01
1.146181229810965263e+01 1.000000000000041744e+00
1.147793299051205906e+01 9.999999999999831246e-01
1.149405368291446372e+01 9.999999999999831246e-01
1.151017437531686838e+01 9.999999999999242828e-01
1.152629506771927304e+01 1.000000000000041744e+00
1.154241576012167769e+01 1.000000000000159428e+00
1.155853645252408057e+01 9.999999999999830136e-01
1.157465714492648523e+01 1.000000000000041744e+00
1.159077783732888989e+01 1.000000000000041744e+00
1.160689852973129632e+01 9.999999999999242828e-01
1.162301922213370098e+01 1.000000000000041744e+00
1.163913991453610564e+01 9.999999999999241718e-01
1.165526060693850852e+01 9.999999999998654410e-01
1.167138129934091317e+01 1.000000000000041744e+00
1.168750199174331961e+01 1.000000000000041744e+00
1.170362268414572249e+01 1.000000000000041744e+00
1.171974337654812715e+01 1.000000000000041966e+00
1.173586406895053358e+01 9.999999999999831246e-01
1.175198476135293824e+01 9.999999999999831246e-01
1.176810545375534112e+01 1.000000000000041744e+00
1.178422614615774577e+01 9.999999999999241718e-01
1.180034683856015221e+01 9.999999999999241718e-01
1.181646753096255331e+01 1.000000000000041966e+00
1.183258822336495975e+01 9.999999999999242828e-01
1.184870891576736618e+01 1.000000000000041744e+00
1.186482960816976906e+01 1.000000000000041744e+00
1.188095030057217372e+01 1.000000000000041744e+00
1.189707099297457837e+01 1.000000000000100586e+00
1.191319168537698125e+01 1.000000000000041744e+00
1.192931237777938769e+01 9.999999999999830136e-01
1.194543307018179235e+01 9.999999999998654410e-01
1.196155376258419523e+01 9.999999999999830136e-01
1.197767445498660166e+01 1.000000000000041744e+00
1.199379514738900454e+01 1.000000000000041744e+00
1.200991583979141097e+01 9.999999999999830136e-01
1.202603653219381385e+01 9.999999999999242828e-01
1.204215722459622029e+01 1.000000000000041744e+00
1.205827791699862317e+01 1.000000000000041744e+00
1.207439860940102783e+01 9.999999999999831246e-01
1.209051930180343426e+01 9.999999999999242828e-01
1.210663999420583892e+01 1.000000000000041744e+00
1.212276068660824180e+01 1.000000000000041744e+00
1.213888137901064646e+01 9.999999999998654410e-01
1.215500207141305289e+01 1.000000000000041744e+00
1.217112276381545577e+01 1.000000000000041744e+00
1.218724345621786043e+01 9.999999999999830136e-01
1.220336414862026686e+01 1.000000000000041744e+00
1.221948484102267152e+01 9.999999999999242828e-01
1.223560553342507262e+01 1.000000000000041744e+00
1.225172622582747906e+01 1.000000000000041744e+00
1.226784691822988371e+01 9.999999999999830136e-01
1.228396761063228837e+01 1.000000000000041966e+00
1.230008830303469303e+01 1.000000000000041744e+00
1.231620899543709946e+01 9.999999999999830136e-01
1.233232968783950234e+01 9.999999999999830136e-01
1.234845038024190522e+01 1.000000000000041744e+00
1.236457107264431166e+01 9.999999999998654410e-01
1.238069176504671454e+01 9.999999999999829026e-01
1.239681245744912097e+01 1.000000000000041744e+00
1.241293314985152563e+01 9.999999999999830136e-01
1.242905384225392851e+01 1.000000000000041966e+00
1.244517453465633494e+01 9.999999999999242828e-01
1.246129522705873960e+01 1.000000000000041744e+00
1.247741591946114070e+01 1.000000000000041744e+00
1.249353661186354714e+01 9.999999999999830136e-01
1.250965730426595357e+01 9.999999999999830136e-01
1.252577799666835823e+01 9.999999999998654410e-01
1.254189868907076111e+01 1.000000000000041744e+00
1.255801938147316754e+01 1.000000000000041744e+00
1.257414007387557398e+01 1.000000000000041744e+00
1.259026076627797508e+01 1.000000000000159428e+00
1.260638145868037796e+01 9.999999999999830136e-01
1.262250215108278439e+01 9.999999999999242828e-01
1.263862284348518905e+01 1.000000000000041744e+00
1.265474353588759371e+01 9.999999999999830136e-01
1.267086422829000014e+01 9.999999999998654410e-01
1.268698492069240302e+01 1.000000000000041744e+00
1.270310561309480768e+01 1.000000000000041744e+00
1.271922630549721056e+01 9.999999999999830136e-01
1.273534699789961699e+01 1.000000000000041744e+00
1.275146769030202165e+01 9.999999999999831246e-01
1.276758838270442631e+01 1.000000000000041744e+00
1.278370907510683274e+01 1.000000000000041744e+00
1.279982976750923562e+01 9.999999999998654410e-01
1.281595045991164206e+01 9.999999999999241718e-01
1.283207115231404316e+01 1.000000000000041744e+00
1.284819184471644782e+01 9.999999999999831246e-01
1.286431253711885425e+01 1.000000000000041744e+00
1.288043322952125891e+01 1.000000000000041744e+00
1.289655392192366179e+01 1.000000000000041744e+00
1.291267461432606822e+01 1.000000000000041744e+00
1.292879530672847466e+01 1.000000000000041744e+00
1.294491599913087576e+01 9.999999999999830136e-01
1.296103669153328042e+01 9.999999999999242828e-01
1.297715738393568685e+01 9.999999999999831246e-01
1.299327807633808973e+01 9.999999999999831246e-01
1.300939876874049439e+01 1.000000000000041744e+00
1.302551946114290082e+01 9.999999999999830136e-01
1.304164015354530370e+01 1.000000000000041744e+00
1.305776084594771014e+01 1.000000000000041744e+00
1.307388153835011302e+01 1.000000000000041744e+00
1.309000223075251945e+01 9.999999999999829026e-01
1.310612292315491878e+01 9.999999999998065991e-01
1.312224361555732344e+01 1.000000000000041744e+00
1.313836430795972987e+01 1.000000000000041744e+00
1.315448500036213453e+01 9.999999999999242828e-01
1.317060569276454096e+01 1.000000000000041744e+00
1.318672638516694384e+01 9.999999999999830136e-01
1.320284707756934850e+01 9.999999999999830136e-01
1.321896776997175138e+01 1.000000000000041966e+00
1.323508846237415781e+01 9.999999999999242828e-01
1.325120915477656247e+01 1.000000000000041744e+00
1.326732984717896535e+01 1.000000000000159428e+00
1.328345053958137179e+01 9.999999999999830136e-01
1.329957123198377644e+01 9.999999999999242828e-01
1.331569192438618110e+01 1.000000000000041744e+00
1.333181261678858398e+01 9.999999999999830136e-01
1.334793330919099041e+01 1.000000000000041744e+00
1.336405400159339152e+01 1.000000000000041744e+00
1.338017469399579795e+01 9.999999999998654410e-01
1.339629538639820439e+01 9.999999999999830136e-01
1.341241607880060904e+01 9.999999999999830136e-01
1.342853677120301370e+01 1.000000000000041744e+00
1.344465746360541658e+01 1.000000000000041744e+00
1.346077815600781946e+01 9.999999999999830136e-01
1.347689884841022590e+01 1.000000000000041744e+00
1.349301954081263055e+01 9.999999999999242828e-01
1.350914023321503699e+01 9.999999999999830136e-01
1.352526092561744164e+01 9.999999999999830136e-01
1.354138161801984630e+01 9.999999999999830136e-01
1.355750231042224918e+01 1.000000000000041744e+00
1.357362300282465206e+01 9.999999999999242828e-01
1.358974369522705850e+01 9.999999999999830136e-01
1.360586438762946315e+01 1.000000000000159428e+00
1.362198508003186781e+01 1.000000000000100586e+00
1.363810577243427424e+01 9.999999999999242828e-01
1.365422646483667712e+01 1.000000000000041744e+00
1.367034715723908178e+01 9.999999999999829026e-01
1.368646784964148466e+01 9.999999999998065991e-01
1.370258854204389110e+01 1.000000000000041744e+00
1.371870923444629575e+01 1.000000000000041744e+00
1.373482992684870041e+01 1.000000000000041744e+00
1.375095061925110507e+01 1.000000000000041744e+00
1.376707131165350972e+01 9.999999999999242828e-01
1.378319200405591083e+01 1.000000000000041744e+00
1.379931269645831726e+01 1.000000000000041744e+00
1.381543338886072370e+01 9.999999999999242828e-01
1.383155408126312658e+01 9.999999999999242828e-01
1.384767477366553123e+01 1.000000000000041744e+00
1.386379546606793767e+01 9.999999999999830136e-01
1.387991615847034232e+01 9.999999999999830136e-01
1.389603685087274343e+01 1.000000000000041744e+00
1.391215754327514986e+01 1.000000000000041744e+00
1.392827823567755274e+01 1.000000000000041966e+00
1.394439892807995918e+01 1.000000000000041744e+00
1.396051962048236383e+01 9.999999999999830136e-01
1.397664031288476849e+01 9.999999999999242828e-01
1.399276100528717492e+01 9.999999999999831246e-01
1.400888169768957781e+01 1.000000000000041744e+00
1.402500239009198246e+01 1.000000000000041744e+00
1.404112308249438534e+01 9.999999999999831246e-01
1.405724377489679178e+01 1.000000000000041744e+00
1.407336446729919643e+01 9.999999999999830136e-01
1.408948515970160109e+01 1.000000000000041744e+00
1.410560585210400752e+01 9.999999999999829026e-01
1.412172654450641041e+01 9.999999999998654410e-01
1.413784723690881151e+01 1.000000000000041744e+00
1.415396792931121794e+01 9.999999999999830136e-01
1.417008862171362438e+01 9.999999999999242828e-01
1.418620931411602903e+01 1.000000000000041744e+00
1.420233000651843369e+01 1.000000000000041744e+00
1.421845069892084013e+01 1.000000000000041744e+00
1.423457139132324301e+01 1.000000000000041744e+00
1.425069208372564589e+01 9.999999999998654410e-01
1.426681277612805054e+01 9.999999999999241718e-01
1.428293346853045698e+01 1.000000000000041744e+00
1.429905416093286163e+01 1.000000000000041744e+00
1.431517485333526452e+01 1.000000000000159428e+00
1.433129554573766917e+01 1.000000000000041744e+00
1.434741623814007561e+01 9.999999999998654410e-01
1.436353693054247849e+01 1.000000000000041744e+00
1.437965762294488314e+01 1.000000000000041744e+00
1.439577831534728602e+01 9.999999999999830136e-01
1.441189900774969246e+01 9.999999999999830136e-01
1.442801970015209889e+01 9.999999999999242828e-01
1.444414039255450177e+01 1.000000000000041744e+00
1.446026108495690821e+01 9.999999999999830136e-01
1.447638177735931109e+01 9.999999999999830136e-01
1.449250246976171219e+01 1.000000000000041966e+00
1.450862316216411863e+01 1.000000000000041744e+00
1.452474385456652506e+01 9.999999999999830136e-01
1.454086454696893149e+01 9.999999999998654410e-01
1.455698523937133437e+01 9.999999999999830136e-01
1.457310593177373725e+01 1.000000000000041744e+00
1.458922662417614369e+01 1.000000000000041744e+00
1.460534731657854657e+01 9.999999999999830136e-01
1.462146800898095123e+01 1.000000000000041744e+00
1.463758870138335766e+01 1.000000000000100586e+00
1.465370939378576232e+01 9.999999999999242828e-01
1.466983008618816697e+01 1.000000000000041744e+00
1.468595077859056985e+01 9.999999999999829026e-01
1.470207147099297629e+01 9.999999999999241718e-01
1.471819216339537917e+01 1.000000000000041744e+00
1.473431285579778383e+01 9.999999999999242828e-01
1.475043354820019026e+01 1.000000000000041744e+00
1.476655424060259492e+01 1.000000000000041744e+00
1.478267493300500135e+01 9.999999999999830136e-01
1.479879562540740245e+01 1.000000000000041744e+00
1.481491631780980534e+01 1.000000000000041744e+00
1.483103701021221177e+01 9.999999999999241718e-01
1.484715770261461643e+01 9.999999999998654410e-01
1.486327839501702108e+01 1.000000000000041744e+00
1.487939908741942574e+01 9.999999999999830136e-01
1.489551977982183217e+01 1.000000000000041744e+00
1.491164047222423505e+01 1.000000000000041744e+00
1.492776116462663794e+01 9.999999999999830136e-01
1.494388185702904437e+01 1.000000000000041744e+00
1.496000254943144725e+01 9.999999999999242828e-01
1.497612324183385191e+01 1.000000000000041744e+00
1.499224393423625834e+01 1.000000000000041744e+00
1.500836462663866300e+01 9.999999999999830136e-01
1.502448531904106765e+01 1.000000000000041744e+00
1.504060601144347054e+01 9.999999999999831246e-01
1.505672670384587697e+01 9.999999999999831246e-01
1.507284739624827985e+01 1.000000000000041744e+00
1.508896808865068451e+01 1.000000000000041744e+00
1.510508878105309094e+01 1.000000000000041744e+00
1.512120947345549204e+01 9.999999999999241718e-01
1.513733016585789848e+01 9.999999999998654410e-01
1.515345085826030314e+01 1.000000000000041744e+00
1.516957155066270602e+01 1.000000000000041966e+00
1.518569224306511067e+01 9.999999999999242828e-01
1.520181293546751711e+01 1.000000000000041744e+00
1.521793362786992176e+01 1.000000000000041744e+00
1.523405432027232465e+01 9.999999999999830136e-01
1.525017501267473108e+01 1.000000000000041744e+00
1.526629570507713574e+01 9.999999999998654410e-01
1.528241639747953862e+01 9.999999999999829026e-01
1.529853708988194327e+01 1.000000000000041744e+00
1.531465778228434971e+01 9.999999999999830136e-01
1.533077847468675081e+01 1.000000000000159206e+00
1.534689916708915725e+01 1.000000000000041744e+00
1.536301985949156368e+01 9.999999999999242828e-01
1.537914055189396656e+01 1.000000000000041744e+00
1.539526124429637122e+01 1.000000000000041744e+00
1.541138193669877587e+01 9.999999999999831246e-01
1.542750262910117875e+01 9.999999999999242828e-01
1.544362332150358341e+01 9.999999999999242828e-01
1.545974401390598985e+01 1.000000000000041744e+00
1.547586470630839273e+01 1.000000000000041966e+00
1.549198539871079916e+01 9.999999999999831246e-01
1.550810609111320382e+01 1.000000000000041744e+00
1.552422678351560847e+01 1.000000000000041744e+00
1.554034747591801136e+01 9.999999999999242828e-01
1.555646816832041779e+01 9.999999999999242828e-01
1.557258886072282245e+01 9.999999999999831246e-01
1.558870955312522533e+01 1.000000000000041744e+00
1.560483024552763176e+01 1.000000000000041744e+00
1.562095093793003642e+01 9.999999999999242828e-01
1.563707163033244107e+01 1.000000000000041744e+00
1.565319232273484218e+01 1.000000000000041744e+00
1.566931301513725039e+01 1.000000000000041744e+00
1.568543370753965327e+01 1.000000000000100586e+00
1.570155439994205793e+01 9.999999999998654410e-01
1.571767509234446614e+01 9.999999999999241718e-01
1.573379578474686724e+01 1.000000000000041744e+00
1.574991647714927367e+01 1.000000000000041744e+00
1.576603716955167478e+01 1.000000000000041744e+00
1.578215786195408299e+01 1.000000000000041744e+00
1.579827855435648587e+01 9.999999999999830136e-01
1.581439924675889053e+01 9.999999999999242828e-01
1.583051993916129518e+01 1.000000000000041744e+00
1.584664063156369984e+01 9.999999999999241718e-01
1.586276132396610627e+01 9.999999999999829026e-01
1.587888201636850738e+01 1.000000000000041744e+00
1.589500270877091204e+01 9.999999999998654410e-01
1.591112340117331669e+01 1.000000000000041744e+00
1.592724409357572313e+01 1.000000000000041744e+00
1.594336478597812778e+01 1.000000000000041744e+00
1.595948547838053244e+01 1.000000000000041744e+00
1.597560617078293710e+01 9.999999999999830136e-01
1.599172686318533998e+01 9.999999999999830136e-01
1.600784755558774464e+01 9.999999999999242828e-01
1.602396824799014752e+01 1.000000000000041744e+00
1.604008894039255750e+01 1.000000000000041744e+00
1.605620963279496038e+01 1.000000000000041744e+00
1.607233032519736327e+01 1.000000000000041744e+00
1.608845101759976970e+01 1.000000000000041744e+00
1.610457171000216903e+01 9.999999999999830136e-01
1.612069240240457901e+01 9.999999999999830136e-01
