5.000000000000000278e-02 5.704098252786934248e-02
1.500000000000000222e-01 1.096753326167845682e-01
2.500000000000000000e-01 1.185755582522597246e-01
3.499999999999999778e-01 1.198075144159884142e-01
4.500000000000000111e-01 1.199794312704079852e-01
5.500000000000000444e-01 1.200377542100068279e-01
6.500000000000000222e-01 1.203033363823260704e-01
7.500000000000001110e-01 1.221760592258579331e-01
8.500000000000000888e-01 1.332080534007491490e-01
9.499999999999999556e-01 1.649706661635127469e-01
1.050000000000000044e+00 1.915931131236857654e-01
1.150000000000000133e+00 1.987133996270222525e-01
1.250000000000000000e+00 1.998227823397883129e-01
1.350000000000000089e+00 1.999769015299353303e-01
1.450000000000000178e+00 2.000038611018135626e-01
1.550000000000000044e+00 2.000521199799868144e-01
1.650000000000000133e+00 2.003861895573891272e-01
1.750000000000000000e+00 2.027439668084343449e-01
1.849999999999999867e+00 2.159480759808957706e-01
1.950000000000000178e+00 2.492976300394366407e-01
2.049999999999999822e+00 2.732042890159300241e-01
2.149999999999999911e+00 2.789847937874856965e-01
2.250000000000000000e+00 2.798606965475619601e-01
2.349999999999999645e+00 2.799817808380794526e-01
2.449999999999999734e+00 2.800024904671863379e-01
2.549999999999999822e+00 2.800369437823110874e-01
2.649999999999999911e+00 2.802744195645983094e-01
2.749999999999999556e+00 2.819716960137930162e-01
2.850000000000000089e+00 2.921636977434718396e-01
2.949999999999999734e+00 3.231018767692649951e-01
3.049999999999999822e+00 3.508187284022187824e-01
3.149999999999999911e+00 3.585783197205774098e-01
3.250000000000000000e+00 3.598037063408083269e-01
3.349999999999999645e+00 3.599737376396752175e-01
3.449999999999999734e+00 3.599992321520676941e-01
3.549999999999999822e+00 3.600204885967196455e-01
3.649999999999999467e+00 3.601545930826478559e-01
3.750000000000000000e+00 3.611246110090542416e-01
3.850000000000000089e+00 3.674543254517858015e-01
3.950000000000000178e+00 3.925493155370077258e-01
4.049999999999999822e+00 4.252810145309559031e-01
4.149999999999999467e+00 4.375165668004411534e-01
4.250000000000000000e+00 4.396517661193730664e-01
4.349999999999999645e+00 4.399528350575156455e-01
4.450000000000000178e+00 4.399950696683027074e-01
4.549999999999999822e+00 4.400100972709515834e-01
4.649999999999999467e+00 4.400808139286164211e-01
4.750000000000000000e+00 4.405929692028349165e-01
4.849999999999999645e+00 4.441286807345068421e-01
4.950000000000000178e+00 4.618006426062357117e-01
5.049999999999999822e+00 4.964847363953413528e-01
5.150000000000000355e+00 5.154153687539111406e-01
5.250000000000000000e+00 5.193371333463802086e-01
5.349999999999999645e+00 5.199095433386627940e-01
5.449999999999999289e+00 5.199884995862977810e-01
5.549999999999999822e+00 5.200040387979424361e-01
5.650000000000000355e+00 5.200418669559531137e-01
5.750000000000000000e+00 5.203096227547303609e-01
5.849999999999999645e+00 5.222166379613463194e-01
5.949999999999999289e+00 5.334112420546535116e-01
6.049999999999999822e+00 5.653188513675286853e-01
6.150000000000000355e+00 5.917318442714440963e-01
6.250000000000000000e+00 5.987372576599044871e-01
6.349999999999999645e+00 5.998260024741467467e-01
6.450000000000000178e+00 5.999763937412081471e-01
6.549999999999999822e+00 5.999968041695593612e-01
6.649999999999999467e+00 5.999995674716683824e-01
6.750000000000000000e+00 5.999999414630383665e-01
6.849999999999999645e+00 5.999999920784921947e-01
6.950000000000000178e+00 5.999999989285152990e-01
7.049999999999999822e+00 5.999999998544081059e-01
7.149999999999999467e+00 5.999999999798546479e-01
7.249999999999999112e+00 5.999999999989269472e-01
7.350000000000000533e+00 6.000000000093952401e-01
7.450000000000000178e+00 6.000000000719956095e-01
7.549999999999999822e+00 6.000000005265156977e-01
7.650000000000000355e+00 6.000000038914642397e-01
7.749999999999999112e+00 6.000000287593593162e-01
7.850000000000000533e+00 6.000002125066293823e-01
7.949999999999999289e+00 6.000015701880329066e-01
8.050000000000000711e+00 6.000116002996855880e-01
8.150000000000002132e+00 6.000856111501980950e-01
8.250000000000000000e+00 6.006269697122117446e-01
8.350000000000001421e+00 6.043511233260415727e-01
8.450000000000001066e+00 6.226487668207210113e-01
8.550000000000000711e+00 6.573512337148987861e-01
8.650000000000000355e+00 6.756488805584741630e-01
8.750000000000000000e+00 6.793730590476481090e-01
8.850000000000001421e+00 6.799146013556855994e-01
8.950000000000001066e+00 6.799899698890568001e-01
9.050000000000000711e+00 6.800100301099427647e-01
9.150000000000000355e+00 6.800853986447691346e-01
9.250000000000000000e+00 6.806269409531161552e-01
9.350000000000001421e+00 6.843511194415624610e-01
9.450000000000001066e+00 7.026487663254283866e-01
9.550000000000000711e+00 7.373512336742713558e-01
9.650000000000000355e+00 7.556488805572825207e-01
9.750000000000000000e+00 7.593730590477481002e-01
9.850000000000001421e+00 7.599146013558676360e-01
9.950000000000001066e+00 7.599899698895115074e-01
1.005000000000000071e+01 7.600100301110888079e-01
1.015000000000000036e+01 7.600853986447602129e-01
1.025000000000000000e+01 7.606269409509697210e-01
1.035000000000000142e+01 7.643511194443181056e-01
1.045000000000000107e+01 7.826487663242552850e-01
1.055000000000000071e+01 8.173512336746899809e-01
1.065000000000000036e+01 8.356488805574917578e-01
1.075000000000000000e+01 8.393730590475660946e-01
1.085000000000000142e+01 8.399146013553671075e-01
1.095000000000000107e+01 8.399899698900753497e-01
1.105000000000000071e+01 8.400100301106068201e-01
1.115000000000000036e+01 8.400853986435868892e-01
1.125000000000000000e+01 8.406269409541710091e-01
1.135000000000000142e+01 8.443511194420352250e-01
1.145000000000000107e+01 8.626487663247734972e-01
1.155000000000000071e+01 8.973512336749079887e-01
1.165000000000000036e+01 9.156488805584922508e-01
1.175000000000000000e+01 9.193730590467932284e-01
1.185000000000000142e+01 9.199146013535575150e-01
1.195000000000000107e+01 9.199899698914851820e-01
1.205000000000000071e+01 9.200100301120621715e-01
1.215000000000000036e+01 9.200853986403854101e-01
1.225000000000000000e+01 9.206269409543710314e-01
1.235000000000000142e+01 9.243511194403073450e-01
1.245000000000000107e+01 9.426487662865841166e-01
1.255000000000000071e+01 9.773512331788335450e-01
1.265000000000000036e+01 9.956488766738038620e-01
1.275000000000000000e+01 9.993730302887525729e-01
1.285000000000000142e+01 9.999143888493927657e-01
1.295000000000000107e+01 9.999883997010511338e-01
1.305000000000000071e+01 9.999984298117671200e-01
1.315000000000000036e+01 9.999997874933979070e-01
1.325000000000000000e+01 9.999999712402860563e-01
1.335000000000000142e+01 9.999999961077811195e-01
1.345000000000000107e+01 9.999999994732571285e-01
1.355000000000000071e+01 9.999999999286958152e-01
1.365000000000000036e+01 9.999999999903594894e-01
1.375000000000000000e+01 9.999999999986904919e-01
1.385000000000000142e+01 9.999999999998362421e-01
1.395000000000000107e+01 9.999999999999635847e-01
1.405000000000000071e+01 1.000000000000018208e+00
1.415000000000000036e+01 9.999999999999817923e-01
1.425000000000000000e+01 9.999999999999998890e-01
1.435000000000000142e+01 9.999999999999998890e-01
1.445000000000000107e+01 1.000000000000018208e+00
1.455000000000000071e+01 1.000000000000018208e+00
1.465000000000000213e+01 9.999999999999635847e-01
1.475000000000000000e+01 9.999999999999998890e-01
1.485000000000000142e+01 9.999999999999998890e-01
1.495000000000000107e+01 9.999999999999998890e-01
1.505000000000000071e+01 9.999999999999998890e-01
