5.000000000000000278e-02 1.341459142755548062e-01
1.500000000000000222e-01 1.949231292183867537e-01
2.500000000000000000e-01 1.993598840630057267e-01
3.499999999999999778e-01 1.999143600878960925e-01
4.500000000000000111e-01 1.999899654703267415e-01
5.500000000000000444e-01 2.000100300301119183e-01
6.500000000000000222e-01 2.000853986425772668e-01
7.500000000000001110e-01 2.006269409508923129e-01
8.500000000000000888e-01 2.043511194342136350e-01
9.499999999999999556e-01 2.226487662942008561e-01
1.050000000000000044e+00 2.573512336430576752e-01
1.150000000000000133e+00 2.756488805492654515e-01
1.250000000000000000e+00 2.793730590458608498e-01
1.350000000000000089e+00 2.799146013555264823e-01
1.450000000000000178e+00 2.799899698895433886e-01
1.550000000000000044e+00 2.800100301103793932e-01
1.650000000000000133e+00 2.800853986445554500e-01
1.750000000000000000e+00 2.806269409528977521e-01
1.849999999999999867e+00 2.843511194424900856e-01
1.950000000000000178e+00 3.026487663250145288e-01
2.049999999999999822e+00 3.373512336746808393e-01
2.149999999999999911e+00 3.556488805577328050e-01
2.250000000000000000e+00 3.593730590466794328e-01
2.349999999999999645e+00 3.599146013562131152e-01
2.449999999999999734e+00 3.599899698894433175e-01
2.549999999999999822e+00 3.600100301108977718e-01
2.649999999999999911e+00 3.600853986441189813e-01
2.749999999999999556e+00 3.606269409524793246e-01
2.850000000000000089e+00 3.643511194426401478e-01
2.949999999999999734e+00 3.826487663252010618e-01
3.049999999999999822e+00 4.173512336751855623e-01
3.149999999999999911e+00 4.356488805569370126e-01
3.250000000000000000e+00 4.393730590473114983e-01
3.349999999999999645e+00 4.399146013555855772e-01
3.449999999999999734e+00 4.399899698897797862e-01
3.549999999999999822e+00 4.400100301105339673e-01
3.649999999999999467e+00 4.400853986441098376e-01
3.750000000000000000e+00 4.406269409534298576e-01
3.850000000000000089e+00 4.443511194423127031e-01
3.950000000000000178e+00 4.626487663248418092e-01
4.049999999999999822e+00 4.973512336745717355e-01
4.149999999999999467e+00 5.156488805583195889e-01
4.250000000000000000e+00 5.193730590463292440e-01
4.349999999999999645e+00 5.199146013553173074e-01
4.450000000000000178e+00 5.199899698904619783e-01
4.549999999999999822e+00 5.200100301105704537e-01
4.649999999999999467e+00 5.200853986436504428e-01
4.750000000000000000e+00 5.206269409527840564e-01
4.849999999999999645e+00 5.243511194413167376e-01
4.950000000000000178e+00 5.426487662853559657e-01
5.049999999999999822e+00 5.773512331797064911e-01
5.150000000000000355e+00 5.956488766734493456e-01
5.250000000000000000e+00 5.993730302893162110e-01
5.349999999999999645e+00 5.999143888488198684e-01
5.449999999999999289e+00 5.999883997009418657e-01
5.549999999999999822e+00 5.999984298118307136e-01
5.650000000000000355e+00 5.999997874934343001e-01
5.750000000000000000e+00 5.999999712404952001e-01
5.849999999999999645e+00 5.999999961066715404e-01
5.949999999999999289e+00 5.999999994742303278e-01
6.049999999999999822e+00 5.999999999287594088e-01
6.150000000000000355e+00 5.999999999902320136e-01
6.250000000000000000e+00 5.999999999983628429e-01
6.349999999999999645e+00 5.999999999999545697e-01
6.450000000000000178e+00 6.000000000001183276e-01
6.549999999999999822e+00 6.000000000004638290e-01
6.649999999999999467e+00 5.999999999993724797e-01
6.750000000000000000e+00 5.999999999994635180e-01
6.849999999999999645e+00 6.000000000011732615e-01
6.950000000000000178e+00 5.999999999994725108e-01
7.049999999999999822e+00 6.000000000000910161e-01
7.149999999999999467e+00 6.000000000000639266e-01
7.249999999999999112e+00 6.000000000026011193e-01
7.350000000000000533e+00 6.000000000083945961e-01
7.450000000000000178e+00 6.000000000715863813e-01
7.549999999999999822e+00 6.000000005265521130e-01
7.650000000000000355e+00 6.000000038917824297e-01
7.749999999999999112e+00 6.000000287597595516e-01
7.850000000000000533e+00 6.000002125078571780e-01
7.949999999999999289e+00 6.000015701875691665e-01
8.050000000000000711e+00 6.000116002985123043e-01
8.150000000000002132e+00 6.000856111515078251e-01
8.250000000000000000e+00 6.006269697099924088e-01
8.350000000000001421e+00 6.043511233264962090e-01
8.450000000000001066e+00 6.226487668214213400e-01
8.550000000000000711e+00 6.573512337144349349e-01
8.650000000000000355e+00 6.756488805586834401e-01
8.750000000000000000e+00 6.793730590473933129e-01
8.850000000000001421e+00 6.799146013557857415e-01
8.950000000000001066e+00 6.799899698894388278e-01
9.050000000000000711e+00 6.800100301109978096e-01
9.150000000000000355e+00 6.800853986436686816e-01
9.250000000000000000e+00 6.806269409527886394e-01
9.350000000000001421e+00 6.843511194417079002e-01
9.450000000000001066e+00 7.026487663262560579e-01
9.550000000000000711e+00 7.373512336745625673e-01
9.650000000000000355e+00 7.556488805572191270e-01
9.750000000000000000e+00 7.593730590469841557e-01
9.850000000000001421e+00 7.599146013565497570e-01
9.950000000000001066e+00 7.599899698890113520e-01
1.005000000000000071e+01 7.600100301102611366e-01
1.015000000000000036e+01 7.600853986451967526e-01
1.025000000000000178e+01 7.606269409520701741e-01
1.034999999999999964e+01 7.643511194426992894e-01
1.045000000000000107e+01 7.826487663253648419e-01
1.055000000000000071e+01 8.173512336744899187e-01
1.065000000000000036e+01 8.356488805575557066e-01
1.075000000000000178e+01 8.393730590470660502e-01
1.084999999999999964e+01 8.399146013559403157e-01
1.095000000000000107e+01 8.399899698896116096e-01
1.105000000000000071e+01 8.400100301104795886e-01
1.115000000000000036e+01 8.400853986432050835e-01
1.125000000000000178e+01 8.406269409539164350e-01
1.134999999999999964e+01 8.443511194420717514e-01
1.145000000000000107e+01 8.626487663255466565e-01
1.155000000000000071e+01 8.973512336732893946e-01
1.165000000000000036e+01 9.156488805590380364e-01
1.175000000000000178e+01 9.193730590484302523e-01
1.184999999999999964e+01 9.199146013543759715e-01
1.195000000000000107e+01 9.199899698900116940e-01
1.205000000000000071e+01 9.200100301104614520e-01
1.215000000000000036e+01 9.200853986442234511e-01
1.225000000000000178e+01 9.206269409529340697e-01
1.234999999999999964e+01 9.243511194411258014e-01
1.245000000000000107e+01 9.426487662847284899e-01
1.255000000000000071e+01 9.773512331793789976e-01
1.265000000000000036e+01 9.956488766736403262e-01
1.275000000000000000e+01 9.993730302888071959e-01
1.285000000000000142e+01 9.999143888493927657e-01
1.295000000000000107e+01 9.999883997010511338e-01
1.305000000000000071e+01 9.999984298117671200e-01
1.315000000000000036e+01 9.999997874933979070e-01
1.325000000000000000e+01 9.999999712402860563e-01
1.335000000000000142e+01 9.999999961077811195e-01
1.345000000000000107e+01 9.999999994732571285e-01
1.355000000000000071e+01 9.999999999286958152e-01
1.365000000000000036e+01 9.999999999903594894e-01
1.375000000000000000e+01 9.999999999986904919e-01
1.385000000000000142e+01 9.999999999998362421e-01
1.395000000000000107e+01 9.999999999999635847e-01
1.405000000000000071e+01 1.000000000000018208e+00
1.415000000000000036e+01 9.999999999999817923e-01
1.425000000000000000e+01 9.999999999999998890e-01
1.435000000000000142e+01 9.999999999999635847e-01
1.444999999999999929e+01 1.000000000000054845e+00
1.455000000000000071e+01 1.000000000000018208e+00
1.465000000000000213e+01 9.999999999999635847e-01
1.475000000000000000e+01 9.999999999999998890e-01
1.485000000000000142e+01 9.999999999999998890e-01
1.494999999999999929e+01 9.999999999999998890e-01
1.505000000000000071e+01 9.999999999999998890e-01
