5.000000000000000278e-02 1.341459137764241250e-01
1.500000000000000222e-01 1.949231253264043229e-01
2.500000000000000000e-01 1.993598553029551079e-01
3.499999999999999778e-01 1.999141475810620738e-01
4.500000000000000111e-01 1.999883952824438871e-01
5.500000000000000444e-01 1.999984297310993808e-01
6.500000000000000222e-01 1.999997874919609286e-01
7.500000000000001110e-01 1.999999712399267160e-01
8.500000000000000888e-01 1.999999961080857480e-01
9.499999999999999556e-01 1.999999994732252484e-01
1.050000000000000044e+00 1.999999999287046804e-01
1.150000000000000133e+00 1.999999999902684067e-01
1.250000000000000000e+00 1.999999999986039612e-01
1.350000000000000089e+00 2.000000000000545508e-01
1.450000000000000178e+00 1.999999999994224731e-01
1.550000000000000044e+00 2.000000000001091460e-01
1.650000000000000133e+00 1.999999999999954314e-01
1.750000000000000000e+00 2.000000000004456824e-01
1.849999999999999867e+00 1.999999999998272049e-01
1.950000000000000178e+00 1.999999999999909073e-01
2.049999999999999822e+00 2.000000000002819800e-01
2.149999999999999911e+00 2.000000000001137535e-01
2.250000000000000000e+00 2.000000000028967495e-01
2.349999999999999645e+00 2.000000000190220728e-01
2.449999999999999734e+00 2.000000001427315599e-01
2.549999999999999822e+00 2.000000010533176109e-01
2.649999999999999911e+00 2.000000077845743574e-01
2.749999999999999556e+00 2.000000575188642382e-01
2.850000000000000089e+00 2.000004250122128791e-01
2.949999999999999734e+00 2.000031402958575844e-01
3.049999999999999822e+00 2.000231961815325810e-01
3.149999999999999911e+00 2.001709822445218723e-01
3.250000000000000000e+00 2.012412417343421300e-01
3.349999999999999645e+00 2.081427386621317321e-01
3.449999999999999734e+00 2.343627009766715008e-01
3.549999999999999822e+00 2.664004562539957766e-01
3.649999999999999467e+00 2.777455916649069767e-01
3.750000000000000000e+00 2.796849418522106001e-01
3.850000000000000089e+00 2.799574831014025045e-01
3.950000000000000178e+00 2.799965545500936459e-01
4.049999999999999822e+00 2.800166136883217582e-01
4.149999999999999467e+00 2.801282203760183109e-01
4.250000000000000000e+00 2.809356497269163699e-01
4.349999999999999645e+00 2.863087193664978769e-01
4.450000000000000178e+00 3.092587943705165654e-01
4.549999999999999822e+00 3.430222853687791562e-01
4.649999999999999467e+00 3.570301547280178012e-01
4.750000000000000000e+00 3.595806246478105428e-01
4.849999999999999645e+00 3.599431825085322445e-01
4.950000000000000178e+00 3.599943595431341903e-01
5.049999999999999822e+00 3.600144192825747158e-01
5.150000000000000355e+00 3.601139531242278924e-01
5.250000000000000000e+00 3.608330959059003473e-01
5.349999999999999645e+00 3.656706289179783576e-01
5.449999999999999289e+00 3.872561854379364399e-01
5.549999999999999822e+00 4.214823376892581908e-01
5.650000000000000355e+00 4.366787656825909525e-01
5.750000000000000000e+00 4.395286000558825679e-01
5.849999999999999645e+00 4.399360347175570451e-01
5.949999999999999289e+00 4.399932620841900954e-01
6.049999999999999822e+00 4.400133220346560958e-01
6.150000000000000355e+00 4.401068170025974058e-01
6.250000000000000000e+00 4.407816884787372214e-01
6.349999999999999645e+00 4.453462742087595516e-01
6.450000000000000178e+00 4.661854751768989003e-01
6.549999999999999822e+00 5.006004796132311752e-01
6.649999999999999467e+00 5.164699070433925732e-01
6.750000000000000000e+00 5.194974280265252098e-01
6.849999999999999645e+00 5.199317468440950440e-01
6.950000000000000178e+00 5.199926036235319460e-01
7.049999999999999822e+00 5.200126636718596096e-01
7.149999999999999467e+00 5.201025345300969160e-01
7.249999999999999112e+00 5.207508021046214353e-01
7.350000000000000533e+00 5.251499221346058732e-01
7.450000000000000178e+00 5.455187402114642925e-01
7.549999999999999822e+00 5.800290023277558937e-01
7.650000000000000355e+00 5.963314781227291306e-01
7.749999999999999112e+00 5.994766548533608796e-01
7.850000000000000533e+00 5.999288177600556882e-01
7.949999999999999289e+00 5.999916412732363424e-01
8.050000000000000711e+00 6.000083587266362706e-01
8.150000000000002132e+00 6.000711822401990636e-01
8.250000000000000000e+00 6.005233451465573635e-01
8.350000000000001421e+00 6.036685218770797556e-01
8.450000000000001066e+00 6.199709976725991112e-01
8.550000000000000711e+00 6.544812597883812311e-01
8.650000000000000355e+00 6.748500778657399168e-01
8.750000000000000000e+00 6.792491978948602682e-01
8.850000000000001421e+00 6.798974654703215936e-01
8.950000000000001066e+00 6.799873363283404082e-01
9.050000000000000711e+00 6.800073963762042206e-01
9.150000000000000355e+00 6.800682531560869881e-01
9.250000000000000000e+00 6.805025719732656908e-01
9.350000000000001421e+00 6.835300929567622585e-01
9.450000000000001066e+00 6.993995203864687982e-01
9.550000000000000711e+00 7.338145248233558515e-01
9.650000000000000355e+00 7.546537257908768614e-01
9.750000000000000000e+00 7.592183115212628453e-01
9.850000000000001421e+00 7.598931829983214259e-01
9.950000000000001066e+00 7.599866779648982718e-01
1.005000000000000071e+01 7.600067379154553660e-01
1.015000000000000036e+01 7.600639652821975512e-01
1.025000000000000178e+01 7.604713999439174366e-01
1.034999999999999964e+01 7.633212343172999237e-01
1.045000000000000107e+01 7.785176623110510175e-01
1.055000000000000071e+01 8.127438145621090904e-01
1.065000000000000036e+01 8.343293710826037435e-01
1.075000000000000178e+01 8.391669040940269442e-01
1.084999999999999964e+01 8.398860468759359321e-01
1.095000000000000107e+01 8.399855807169934740e-01
1.105000000000000071e+01 8.400056404571570878e-01
1.115000000000000036e+01 8.400568174917955044e-01
1.125000000000000178e+01 8.404193753514938026e-01
1.134999999999999964e+01 8.429698452724826430e-01
1.145000000000000107e+01 8.569777146310390004e-01
1.155000000000000071e+01 8.907412056305203940e-01
1.165000000000000036e+01 9.136912806331295434e-01
1.175000000000000178e+01 9.190643502716737689e-01
1.184999999999999964e+01 9.198717796244274547e-01
1.195000000000000107e+01 9.199833863125788103e-01
1.205000000000000071e+01 9.200034454497473257e-01
1.215000000000000036e+01 9.200425168975563395e-01
1.225000000000000000e+01 9.203150581492990367e-01
1.235000000000000142e+01 9.222544083333015230e-01
1.245000000000000107e+01 9.335995437463134872e-01
1.255000000000000071e+01 9.656372990237468423e-01
1.265000000000000036e+01 9.918572613372818036e-01
1.275000000000000000e+01 9.987587582657214691e-01
1.285000000000000142e+01 9.998290177557646041e-01
1.295000000000000107e+01 9.999768038180445462e-01
1.305000000000000071e+01 9.999968597044790464e-01
1.315000000000000036e+01 9.999995749882691909e-01
1.325000000000000000e+01 9.999999424805900983e-01
1.335000000000000142e+01 9.999999922155621279e-01
1.345000000000000107e+01 9.999999989464960493e-01
1.355000000000000071e+01 9.999999998574279347e-01
1.365000000000000036e+01 9.999999999807006601e-01
1.375000000000000000e+01 9.999999999973808729e-01
1.385000000000000142e+01 9.999999999996546096e-01
1.395000000000000107e+01 9.999999999999454880e-01
1.405000000000000071e+01 1.000000000000018208e+00
1.415000000000000036e+01 9.999999999999817923e-01
1.425000000000000000e+01 9.999999999999998890e-01
1.435000000000000142e+01 9.999999999999998890e-01
1.445000000000000107e+01 1.000000000000018208e+00
1.455000000000000071e+01 9.999999999999998890e-01
1.465000000000000036e+01 9.999999999999817923e-01
1.475000000000000000e+01 9.999999999999998890e-01
1.485000000000000142e+01 9.999999999999998890e-01
1.495000000000000107e+01 9.999999999999998890e-01
1.505000000000000071e+01 1.000000000000018208e+00
