5.000000000000000278e-02 1.228911424679768327e-01
1.500000000000000222e-01 1.919543682114977223e-01
2.500000000000000000e-01 1.989404656260626847e-01
3.499999999999999778e-01 1.998572238374982102e-01
4.500000000000000111e-01 1.999819697544739650e-01
5.500000000000000444e-01 2.000070501522009103e-01
6.500000000000000222e-01 2.000710051493888308e-01
7.500000000000001110e-01 2.005233211802033289e-01
8.500000000000000888e-01 2.036685186325166708e-01
9.499999999999999556e-01 2.199709972294885962e-01
1.050000000000000044e+00 2.544812597245163510e-01
1.150000000000000133e+00 2.748500778561810964e-01
1.250000000000000000e+00 2.792491978937414188e-01
1.350000000000000089e+00 2.798974654697986564e-01
1.450000000000000178e+00 2.799873363282767702e-01
1.550000000000000044e+00 2.800073963762316209e-01
1.650000000000000133e+00 2.800682531561279331e-01
1.750000000000000000e+00 2.805025719734749456e-01
1.849999999999999867e+00 2.835300929565346406e-01
1.950000000000000178e+00 2.993995203866234300e-01
2.049999999999999822e+00 3.338145248232740614e-01
2.149999999999999911e+00 3.546537257910040708e-01
2.250000000000000000e+00 3.592183115214175326e-01
2.349999999999999645e+00 3.598931829975936525e-01
2.449999999999999734e+00 3.599866779650710558e-01
2.549999999999999822e+00 3.600067379157235736e-01
2.649999999999999911e+00 3.600639652826931325e-01
2.749999999999999556e+00 3.604713999437308414e-01
2.850000000000000089e+00 3.633212343176637771e-01
2.949999999999999734e+00 3.785176623105644955e-01
3.049999999999999822e+00 4.127438145621272203e-01
3.149999999999999911e+00 4.343293710826447440e-01
3.250000000000000000e+00 4.391669040937222768e-01
3.349999999999999645e+00 4.398860468759130948e-01
3.449999999999999734e+00 4.399855807172207145e-01
3.549999999999999822e+00 4.400056404572524893e-01
3.649999999999999467e+00 4.400568174912087294e-01
3.750000000000000000e+00 4.404193753518439447e-01
3.850000000000000089e+00 4.429698452725461255e-01
3.950000000000000178e+00 4.569777146307343330e-01
4.049999999999999822e+00 4.907412056299744751e-01
4.149999999999999467e+00 5.136912806332702974e-01
4.250000000000000000e+00 5.190643502730427628e-01
4.349999999999999645e+00 5.198717796241134614e-01
4.450000000000000178e+00 5.199833863118011879e-01
4.549999999999999822e+00 5.200034454494789626e-01
4.649999999999999467e+00 5.200425168989295521e-01
4.750000000000000000e+00 5.203150581478395154e-01
4.849999999999999645e+00 5.222544083352296251e-01
4.950000000000000178e+00 5.335995437457768942e-01
5.049999999999999822e+00 5.656372990233193843e-01
5.150000000000000355e+00 5.918572613374044611e-01
5.250000000000000000e+00 5.987587582660943708e-01
5.349999999999999645e+00 5.998290177558738279e-01
5.449999999999999289e+00 5.999768038173535212e-01
5.549999999999999822e+00 5.999968597044517127e-01
5.650000000000000355e+00 5.999995749883102469e-01
5.750000000000000000e+00 5.999999424813995397e-01
5.849999999999999645e+00 5.999999922143979258e-01
5.949999999999999289e+00 5.999999989468507433e-01
6.049999999999999822e+00 5.999999998574639948e-01
6.150000000000000355e+00 5.999999999811826967e-01
6.250000000000000000e+00 5.999999999959436670e-01
6.349999999999999645e+00 6.000000000011368462e-01
6.450000000000000178e+00 5.999999999994179989e-01
6.549999999999999822e+00 6.000000000000547118e-01
6.649999999999999467e+00 5.999999999995179190e-01
6.750000000000000000e+00 6.000000000008276491e-01
6.849999999999999645e+00 5.999999999994635180e-01
6.950000000000000178e+00 5.999999999999545697e-01
7.049999999999999822e+00 6.000000000011824763e-01
7.149999999999999467e+00 5.999999999990360822e-01
7.249999999999999112e+00 6.000000000016645352e-01
7.350000000000000533e+00 6.000000000101863851e-01
7.450000000000000178e+00 6.000000000713407999e-01
7.549999999999999822e+00 6.000000005261700853e-01
7.650000000000000355e+00 6.000000038922371770e-01
7.749999999999999112e+00 6.000000287598687976e-01
7.850000000000000533e+00 6.000002125060655001e-01
7.949999999999999289e+00 6.000015701881784569e-01
8.050000000000000711e+00 6.000116002992581521e-01
8.150000000000002132e+00 6.000856111499615064e-01
8.250000000000000000e+00 6.006269697117841977e-01
8.350000000000001421e+00 6.043511233268056282e-01
8.450000000000001066e+00 6.226487668202755899e-01
8.550000000000000711e+00 6.573512337144712392e-01
8.650000000000000355e+00 6.756488805584468516e-01
8.750000000000000000e+00 6.793730590478480602e-01
8.850000000000001421e+00 6.799146013553034607e-01
8.950000000000001066e+00 6.799899698894933397e-01
9.050000000000000711e+00 6.800100301107704359e-01
9.150000000000000355e+00 6.800853986435960730e-01
9.250000000000000000e+00 6.806269409535617987e-01
9.350000000000001421e+00 6.843511194421444399e-01
9.450000000000001066e+00 7.026487663260014838e-01
9.550000000000000711e+00 7.373512336738168305e-01
9.650000000000000355e+00 7.556488805577100676e-01
9.750000000000000000e+00 7.593730590482120624e-01
9.850000000000001421e+00 7.599146013552127155e-01
9.950000000000001066e+00 7.599899698897025768e-01
1.005000000000000071e+01 7.600100301103339673e-01
1.015000000000000036e+01 7.600853986437962062e-01
1.025000000000000178e+01 7.606269409525430181e-01
1.034999999999999964e+01 7.643511194421170885e-01
1.045000000000000107e+01 7.826487663264654060e-01
1.055000000000000071e+01 8.173512336751629359e-01
1.065000000000000036e+01 8.356488805571191669e-01
1.075000000000000178e+01 8.393730590469293817e-01
1.084999999999999964e+01 8.399146013556310075e-01
1.095000000000000107e+01 8.399899698899481182e-01
1.105000000000000071e+01 8.400100301100975608e-01
1.115000000000000036e+01 8.400853986445053767e-01
1.125000000000000178e+01 8.406269409522975078e-01
1.134999999999999964e+01 8.443511194429449418e-01
1.145000000000000107e+01 8.626487663249918780e-01
1.155000000000000071e+01 8.973512336751627849e-01
1.165000000000000036e+01 9.156488805572099432e-01
1.175000000000000178e+01 9.193730590477936504e-01
1.184999999999999964e+01 9.199146013558311408e-01
1.195000000000000107e+01 9.199899698885748434e-01
1.205000000000000071e+01 9.200100301106793887e-01
1.215000000000000036e+01 9.200853986442780741e-01
1.225000000000000178e+01 9.206269409538073711e-01
1.234999999999999964e+01 9.243511194401435871e-01
1.245000000000000107e+01 9.426487662854743377e-01
1.255000000000000071e+01 9.773512331792517660e-01
1.265000000000000036e+01 9.956488766735674956e-01
1.275000000000000000e+01 9.993730302888255146e-01
1.285000000000000142e+01 9.999143888493927657e-01
1.295000000000000107e+01 9.999883997010511338e-01
1.305000000000000071e+01 9.999984298117671200e-01
1.315000000000000036e+01 9.999997874933979070e-01
1.325000000000000000e+01 9.999999712402860563e-01
1.335000000000000142e+01 9.999999961077811195e-01
1.345000000000000107e+01 9.999999994732571285e-01
1.355000000000000071e+01 9.999999999286958152e-01
1.365000000000000036e+01 9.999999999903594894e-01
1.375000000000000000e+01 9.999999999986904919e-01
1.385000000000000142e+01 9.999999999998362421e-01
1.395000000000000107e+01 9.999999999999635847e-01
1.405000000000000071e+01 1.000000000000018208e+00
1.415000000000000036e+01 9.999999999999817923e-01
1.425000000000000000e+01 9.999999999999998890e-01
1.435000000000000142e+01 9.999999999999635847e-01
1.444999999999999929e+01 1.000000000000054845e+00
1.455000000000000071e+01 1.000000000000018208e+00
