5.000000000000000278e-02 1.735123321930586923e-02
1.500000000000000222e-01 3.564887667512721403e-02
2.500000000000000000e-01 3.937303029150372724e-02
3.499999999999999778e-01 3.991438886857395785e-02
4.500000000000000111e-01 3.998839984391452246e-02
5.500000000000000444e-01 3.999843086492547301e-02
6.500000000000000222e-01 3.999979527797677126e-02
7.500000000000001110e-01 4.000002875952304859e-02
8.500000000000000888e-01 4.000042111941184281e-02
9.499999999999999556e-01 4.000313976901453961e-02
1.050000000000000044e+00 4.002319611025541984e-02
1.150000000000000133e+00 4.017098223534049106e-02
1.250000000000000000e+00 4.124124173235942103e-02
1.350000000000000089e+00 4.814273866248186540e-02
1.450000000000000178e+00 7.436270097690794723e-02
1.550000000000000044e+00 1.064004562539821730e-01
1.650000000000000133e+00 1.177455916649524092e-01
1.750000000000000000e+00 1.196849418518922958e-01
1.849999999999999867e+00 1.199574831016070736e-01
1.950000000000000178e+00 1.199965545502209574e-01
2.049999999999999822e+00 1.200166136880125162e-01
2.149999999999999911e+00 1.201282203760229289e-01
2.250000000000000000e+00 1.209356497267708441e-01
2.349999999999999645e+00 1.263087193662795760e-01
2.449999999999999734e+00 1.492587943543503548e-01
2.549999999999999822e+00 1.830222851991812338e-01
2.649999999999999911e+00 1.970301534315695435e-01
2.749999999999999556e+00 1.995806150619364172e-01
2.850000000000000089e+00 1.999431116733512981e-01
2.949999999999999734e+00 1.999938361646127483e-01
3.049999999999999822e+00 2.000105534977956179e-01
3.149999999999999911e+00 2.000854694796544431e-01
3.250000000000000000e+00 2.006269505388172669e-01
3.349999999999999645e+00 2.043511207372239458e-01
3.449999999999999734e+00 2.226487664904471253e-01
3.549999999999999822e+00 2.573512336879412166e-01
3.649999999999999467e+00 2.756488805578146684e-01
3.750000000000000000e+00 2.793730590476798392e-01
3.850000000000000089e+00 2.799146013556083612e-01
3.950000000000000178e+00 2.799899698891294975e-01
4.049999999999999822e+00 2.800100301107931733e-01
4.149999999999999467e+00 2.800853986442007892e-01
4.250000000000000000e+00 2.806269409526612746e-01
4.349999999999999645e+00 2.843511194427583710e-01
4.450000000000000178e+00 3.026487663249599613e-01
4.549999999999999822e+00 3.373512336749036611e-01
4.649999999999999467e+00 3.556488805573008727e-01
4.750000000000000000e+00 3.593730590477117182e-01
4.849999999999999645e+00 3.599146013555673540e-01
4.950000000000000178e+00 3.599899698891658173e-01
5.049999999999999822e+00 3.600100301110022993e-01
5.150000000000000355e+00 3.600853986441917010e-01
5.250000000000000000e+00 3.606269409523747416e-01
5.349999999999999645e+00 3.643511194426810595e-01
5.449999999999999289e+00 3.826487663251645910e-01
5.549999999999999822e+00 4.173512336747399187e-01
5.650000000000000355e+00 4.356488805576146373e-01
5.750000000000000000e+00 4.393730590474661524e-01
5.849999999999999645e+00 4.399146013556265444e-01
5.949999999999999289e+00 4.399899698893159350e-01
6.049999999999999822e+00 4.400100301106613654e-01
6.150000000000000355e+00 4.400853986440234067e-01
6.250000000000000000e+00 4.406269409531069492e-01
6.349999999999999645e+00 4.443511194421626564e-01
6.450000000000000178e+00 4.626487663254829630e-01
6.549999999999999822e+00 4.973512336745534723e-01
6.649999999999999467e+00 5.156488805577283951e-01
6.750000000000000000e+00 5.193730590468931263e-01
6.849999999999999645e+00 5.199146013559857726e-01
6.950000000000000178e+00 5.199899698895478206e-01
7.049999999999999822e+00 5.200100301105159417e-01
7.149999999999999467e+00 5.200853986443690902e-01
7.249999999999999112e+00 5.206269409530794867e-01
7.350000000000000533e+00 5.243511194416623500e-01
7.450000000000000178e+00 5.426487663187709032e-01
7.549999999999999822e+00 5.773512335923897121e-01
7.650000000000000355e+00 5.956488799098861309e-01
7.749999999999999112e+00 5.993730542542834439e-01
7.850000000000000533e+00 5.999145659378064543e-01
7.949999999999999289e+00 5.999897081973631918e-01
8.050000000000000711e+00 6.000080970339513042e-01
8.150000000000002132e+00 6.000711468222289513e-01
8.250000000000000000e+00 6.005233403540570780e-01
8.350000000000001421e+00 6.036685212291741376e-01
8.450000000000001066e+00 6.199709975885798752e-01
8.550000000000000711e+00 6.544812597809778199e-01
8.650000000000000355e+00 6.748500778654581422e-01
8.750000000000000000e+00 6.792491978955240706e-01
8.850000000000001421e+00 6.798974654695940645e-01
8.950000000000001066e+00 6.799873363286316197e-01
9.050000000000000711e+00 6.800073963761498197e-01
9.150000000000000355e+00 6.800682531559415489e-01
9.250000000000000000e+00 6.805025719732565870e-01
9.350000000000001421e+00 6.835300929572077910e-01
9.450000000000001066e+00 6.993995203865053245e-01
9.550000000000000711e+00 7.338145248228647999e-01
9.650000000000000355e+00 7.546537257913589203e-01
9.750000000000000000e+00 7.592183115208080979e-01
9.850000000000001421e+00 7.598931829977028096e-01
9.950000000000001066e+00 7.599866779656350158e-01
1.005000000000000071e+01 7.600067379152279923e-01
1.015000000000000036e+01 7.600639652831341353e-01
1.025000000000000178e+01 7.604713999432807237e-01
1.034999999999999964e+01 7.633212343178911174e-01
1.045000000000000107e+01 7.785176623107327165e-01
1.055000000000000071e+01 8.127438145617634779e-01
1.065000000000000036e+01 8.343293710828221244e-01
1.075000000000000178e+01 8.391669040937358437e-01
1.084999999999999964e+01 8.398860468766089493e-01
1.095000000000000107e+01 8.399855807169478439e-01
1.105000000000000071e+01 8.400056404569387070e-01
1.115000000000000036e+01 8.400568174912952379e-01
1.125000000000000178e+01 8.404193753517940069e-01
1.134999999999999964e+01 8.429698452722550472e-01
1.145000000000000107e+01 8.569777146305479487e-01
1.155000000000000071e+01 8.907412056301473591e-01
1.165000000000000036e+01 9.136912806337297299e-01
1.175000000000000178e+01 9.190643502734837655e-01
1.184999999999999964e+01 9.198717796234814337e-01
1.195000000000000107e+01 9.199833863113783261e-01
1.205000000000000071e+01 9.200034454484559143e-01
1.215000000000000036e+01 9.200425168999025738e-01
1.225000000000000178e+01 9.203150581488080961e-01
1.234999999999999964e+01 9.222544083358481526e-01
1.245000000000000107e+01 9.335995437443127543e-01
1.255000000000000071e+01 9.656372990229827868e-01
1.265000000000000036e+01 9.918572613378637826e-01
1.275000000000000000e+01 9.987587582656488605e-01
1.285000000000000142e+01 9.998290177557828118e-01
1.295000000000000107e+01 9.999768038180445462e-01
1.305000000000000071e+01 9.999968597044790464e-01
1.315000000000000036e+01 9.999995749882691909e-01
1.325000000000000000e+01 9.999999424805900983e-01
1.335000000000000142e+01 9.999999922155621279e-01
1.345000000000000107e+01 9.999999989464960493e-01
1.355000000000000071e+01 9.999999998574279347e-01
1.365000000000000036e+01 9.999999999807006601e-01
1.375000000000000000e+01 9.999999999973808729e-01
1.385000000000000142e+01 9.999999999996546096e-01
1.395000000000000107e+01 9.999999999999454880e-01
1.405000000000000071e+01 1.000000000000018208e+00
1.415000000000000036e+01 9.999999999999817923e-01
1.425000000000000000e+01 9.999999999999998890e-01
1.435000000000000142e+01 9.999999999999635847e-01
1.444999999999999929e+01 1.000000000000054845e+00
1.455000000000000071e+01 1.000000000000018208e+00
1.465000000000000213e+01 9.999999999999635847e-01
1.475000000000000000e+01 9.999999999999998890e-01
1.485000000000000142e+01 9.999999999999998890e-01
1.494999999999999929e+01 9.999999999999998890e-01
1.505000000000000071e+01 9.999999999999998890e-01
